[[ 3.4489474 -3.593286 ]
 [ 3.4514515 -3.601089 ]
 [ 3.546985  -3.6306   ]
 [ 3.476926  -3.617374 ]
 [ 3.50781   -3.628469 ]
 [ 3.5420337 -3.631589 ]
 [ 3.5289674 -3.6327848]
 [ 2.5302422 -2.9271207]] [0 0 0 0 0 0 0 0]
[[ 3.4869525  -3.623317  ]
 [ 3.4130728  -3.5790634 ]
 [ 3.5016174  -3.6273847 ]
 [ 3.5510273  -3.6281085 ]
 [ 3.455331   -3.604562  ]
 [ 2.9455354  -3.2411642 ]
 [-0.9594443   0.42566925]
 [ 3.5318897  -3.6351833 ]] [0 0 0 0 0 0 0 0]
[[ 3.5388556 -3.6341877]
 [-1.4986987  1.5182225]
 [ 3.5201051 -3.6300545]
 [ 3.4568756 -3.605695 ]
 [ 3.5432014 -3.6332135]
 [ 3.437387  -3.595417 ]
 [ 3.488793  -3.6229584]
 [ 3.23704   -3.4669082]] [0 1 0 0 0 0 0 0]
[[ 0.00497871 -0.86188793]
 [-3.0175612   3.297427  ]
 [ 3.4125714  -3.582849  ]
 [ 3.554655   -3.6303518 ]
 [ 3.5047958  -3.627222  ]
 [ 2.607241   -2.9774919 ]
 [-1.4391408   1.4410625 ]
 [ 2.4853494  -2.8761942 ]] [0 0 0 0 0 0 0 0]
[[ 3.4977312 -3.630032 ]
 [ 3.0194268 -3.2974563]
 [ 3.1660147 -3.4135303]
 [ 1.256254  -1.9504294]
 [ 3.4863524 -3.6171312]
 [ 3.526828  -3.6300108]
 [ 3.546309  -3.632461 ]
 [-3.0259566  3.458841 ]] [0 0 0 0 0 0 0 0]
[[ 1.9108993 -2.4497776]
 [ 3.4155297 -3.5796487]
 [ 3.4249377 -3.5925832]
 [ 3.5031762 -3.621531 ]
 [ 3.5409746 -3.6342049]
 [-1.1528676  0.8198885]
 [ 3.5640643 -3.6235757]
 [ 3.5595376 -3.6252112]] [1 0 0 0 0 1 0 0]
[[ 3.2961814 -3.498332 ]
 [ 3.320082  -3.5182443]
 [ 3.329421  -3.5245588]
 [ 3.5283237 -3.631406 ]
 [ 3.4160042 -3.5816443]
 [ 3.5532577 -3.629675 ]
 [ 2.6503983 -3.012941 ]
 [-2.5963993  2.827257 ]] [0 0 0 0 0 0 0 1]
[[ 1.9876837 -2.5161083]
 [ 0.7156003 -1.5076563]
 [-2.4963846  2.689036 ]
 [-1.3007009  1.0630777]
 [ 1.9855067 -2.5105336]
 [-1.5146738  1.5602663]
 [ 2.1983519 -2.6607177]
 [ 3.5555255 -3.6288848]] [0 1 0 0 0 1 0 0]
[[ 3.2201414 -3.4466214]
 [ 3.5194314 -3.6299999]
 [ 3.5175197 -3.6279116]
 [ 3.3087277 -3.5012147]
 [ 3.430727  -3.5929728]
 [ 2.0221617 -2.5217068]
 [ 3.5503588 -3.6334004]
 [-1.8722626  2.086526 ]] [0 0 0 0 0 0 0 1]
[[-2.0498505  2.1880972]
 [ 3.5195343 -3.6279488]
 [ 3.514688  -3.6295037]
 [ 2.8865273 -3.195313 ]
 [ 3.369215  -3.5497336]
 [ 3.4689038 -3.6174345]
 [ 3.5377536 -3.6361353]
 [ 3.5564108 -3.6298313]] [0 0 0 0 0 0 0 0]
[[ 2.4929163 -2.8905516]
 [ 3.524712  -3.6307738]
 [ 2.610509  -2.9906561]
 [ 2.1550477 -2.6393487]
 [ 2.2861094 -2.7327964]
 [-1.1222235  0.7512521]
 [ 3.1092994 -3.368755 ]
 [ 3.5045831 -3.6320202]] [0 0 1 0 0 1 0 0]
[[ 3.537654  -3.631521 ]
 [ 3.4975073 -3.623838 ]
 [ 3.4796176 -3.6187184]
 [ 2.573564  -2.9419794]
 [ 1.2483993 -1.9304931]
 [ 3.5557325 -3.628246 ]
 [ 3.3018794 -3.5038261]
 [ 1.5517406 -2.1890123]] [0 0 0 0 0 0 0 0]
[[ 3.4564    -3.6046367]
 [ 3.5173616 -3.6266773]
 [ 3.431495  -3.5862489]
 [ 3.461578  -3.6036587]
 [ 3.4099016 -3.5797486]
 [ 3.3821893 -3.5628333]
 [ 3.5566108 -3.628168 ]
 [ 3.5219598 -3.6361706]] [0 0 0 0 0 0 0 0]
[[ 3.4508393 -3.598505 ]
 [ 3.5226696 -3.6284816]
 [-1.2652098  1.0201753]
 [ 3.2246883 -3.4527082]
 [-2.6348815  3.1916614]
 [ 3.4997358 -3.6243382]
 [ 3.3536062 -3.5393221]
 [ 3.5272167 -3.6324425]] [0 0 1 0 1 0 0 0]
[[ 3.5410626 -3.6350348]
 [ 3.529863  -3.6334946]
 [ 3.4352536 -3.5979686]
 [ 3.4830222 -3.6154816]
 [ 3.4542034 -3.6063313]
 [ 2.7913568 -3.125559 ]
 [ 3.5170426 -3.6294992]
 [ 2.4489818 -2.85967  ]] [0 0 0 0 0 0 0 0]
[[ 3.537085   -3.6329708 ]
 [ 0.43677962 -1.2479417 ]
 [ 3.4873242  -3.624922  ]
 [ 3.4643981  -3.605934  ]
 [ 3.4498854  -3.6046872 ]
 [ 3.2625556  -3.4828818 ]
 [ 3.544419   -3.6357625 ]
 [ 3.442991   -3.5945213 ]] [0 0 0 0 0 0 0 0]
[[ 3.508088  -3.6258302]
 [ 3.5272872 -3.6380475]
 [ 3.5476375 -3.6355803]
 [ 1.3814377 -2.055957 ]
 [ 3.5284398 -3.6341293]
 [-2.494813   2.8254445]
 [ 2.8500462 -3.1681073]
 [-1.887036   1.945788 ]] [0 0 0 0 0 1 0 1]
[[ 3.1917124  -3.429323  ]
 [ 3.5032072  -3.6271353 ]
 [ 3.445311   -3.5994096 ]
 [ 3.5281856  -3.6319454 ]
 [ 3.4719906  -3.6124523 ]
 [ 3.5344803  -3.6355815 ]
 [ 3.4131007  -3.5851955 ]
 [ 0.44863054 -1.263994  ]] [0 0 0 0 0 0 0 0]
[[ 3.4914165 -3.6168725]
 [ 2.3919659 -2.8180084]
 [ 3.5133228 -3.62961  ]
 [ 3.5585017 -3.628128 ]
 [ 1.8481011 -2.4018173]
 [ 3.4112432 -3.5734527]
 [-1.4820526  1.4630905]
 [ 3.4709268 -3.614196 ]] [0 0 0 0 0 0 0 0]
[[ 3.4817646 -3.616096 ]
 [ 3.5612307 -3.624401 ]
 [ 3.4950266 -3.6250274]
 [ 3.5259056 -3.6328192]
 [ 3.4487388 -3.5996537]
 [ 3.4863708 -3.6190631]
 [ 3.5410383 -3.6328592]
 [ 3.305158  -3.5094874]] [0 0 0 0 0 0 0 0]
[[ 3.383541  -3.5602958]
 [ 3.4803314 -3.6153522]
 [ 3.5379245 -3.6329153]
 [ 3.1546645 -3.3998537]
 [ 3.3988657 -3.5666566]
 [ 3.36692   -3.545043 ]
 [ 3.337095  -3.5306573]
 [ 3.4573925 -3.6044214]] [0 0 0 0 0 0 0 0]
[[ 1.4149191 -2.0980906]
 [ 3.5118053 -3.6281512]
 [ 3.4590094 -3.6082351]
 [ 3.4176579 -3.5843508]
 [ 3.5142057 -3.6295655]
 [ 1.966416  -2.4774723]
 [ 3.5155058 -3.6306822]
 [ 3.4986615 -3.6215982]] [1 0 0 0 0 0 0 0]
[[ 3.495194  -3.6227198]
 [ 3.507554  -3.6284513]
 [ 3.5108516 -3.6297846]
 [ 3.4796982 -3.6183956]
 [ 3.5374928 -3.6307027]
 [ 3.5449605 -3.6307425]
 [ 3.5316443 -3.629845 ]
 [ 3.4842036 -3.6151733]] [0 0 0 0 0 0 0 0]
[[ 3.5263777  -3.632266  ]
 [ 3.483344   -3.6140945 ]
 [ 3.4902709  -3.6208076 ]
 [ 3.5324965  -3.6301801 ]
 [-1.2096432   0.93546385]
 [ 3.554977   -3.6303453 ]
 [ 3.4599144  -3.6079695 ]
 [ 3.40356    -3.574254  ]] [0 0 0 0 0 0 0 0]
[[ 3.450837  -3.5998845]
 [ 3.4466166 -3.6000807]
 [ 2.8230479 -3.1427035]
 [ 2.6718843 -3.0324447]
 [-1.7067584  1.7241142]
 [ 3.4593258 -3.6046886]
 [ 3.4603374 -3.610808 ]
 [ 1.85364   -2.4068031]] [0 0 0 0 0 0 0 0]
[[ 3.5164227 -3.6348336]
 [ 3.4244905 -3.5837128]
 [-2.8221712  3.1792943]
 [ 3.418649  -3.581275 ]
 [ 2.5213518 -2.9128282]
 [ 3.496317  -3.6256714]
 [ 1.8415033 -2.386332 ]
 [ 3.493691  -3.626798 ]] [0 0 0 0 0 0 0 0]
[[ 0.9880181  -1.7737218 ]
 [ 3.3455844  -3.5334039 ]
 [ 3.4514353  -3.600186  ]
 [ 2.603457   -2.9717858 ]
 [ 3.5076513  -3.6288693 ]
 [ 3.5406404  -3.6364515 ]
 [-0.42312562 -0.32535568]
 [ 3.5604057  -3.6220126 ]] [1 0 0 0 0 0 0 0]
[[ 2.3597994 -2.7912517]
 [ 3.5065384 -3.631952 ]
 [ 1.309635  -1.9915425]
 [ 2.413404  -2.839113 ]
 [ 3.507867  -3.6287677]
 [ 2.4926805 -2.8843186]
 [ 2.0708573 -2.5620801]
 [ 3.5175314 -3.632033 ]] [0 0 0 0 0 0 0 0]
[[ 3.5195768 -3.6262167]
 [ 3.5083985 -3.628247 ]
 [ 3.3976758 -3.56401  ]
 [ 3.50435   -3.6295712]
 [ 3.4678085 -3.612709 ]
 [ 3.5075161 -3.6226346]
 [-1.3729259  1.1034279]
 [ 3.4919665 -3.6235702]] [0 0 0 0 0 0 0 0]
[[ 3.5303636 -3.6317725]
 [ 2.0028498 -2.523115 ]
 [-3.349293   3.4582176]
 [ 3.5099113 -3.6292615]
 [ 3.5317163 -3.6338544]
 [ 1.9476277 -2.4720764]
 [ 3.5510154 -3.6306937]
 [ 3.4945846 -3.626854 ]] [0 0 1 0 0 0 0 0]
[[ 3.340771  -3.5334601]
 [ 3.5275545 -3.6330302]
 [ 3.4754212 -3.616572 ]
 [ 2.693077  -3.0424592]
 [-1.8042659  1.9180107]
 [ 1.9927434 -2.5113137]
 [ 3.455421  -3.6078205]
 [ 1.3422388 -2.0231133]] [0 0 0 0 1 0 0 0]
[[ 2.2573388 -2.7067935]
 [-2.552164   2.8044617]
 [ 3.4586878 -3.6001325]
 [ 3.4434557 -3.5983973]
 [ 3.3986554 -3.5703228]
 [ 3.4510818 -3.6028063]
 [ 3.3814387 -3.566299 ]
 [ 3.5081105 -3.632337 ]] [0 0 0 0 0 0 0 0]
[[ 3.2606094 -3.4804595]
 [-1.7623429  1.8828723]
 [ 3.2820132 -3.4958982]
 [ 3.5037627 -3.6203704]
 [ 3.495755  -3.622038 ]
 [ 3.4540834 -3.60699  ]
 [ 3.4453886 -3.599647 ]
 [ 3.5245998 -3.6331651]] [0 0 0 0 0 0 0 0]
[[ 3.5185287  -3.6300313 ]
 [ 3.5407703  -3.6339242 ]
 [ 3.4891906  -3.6212075 ]
 [ 3.5356448  -3.6369174 ]
 [ 3.4986253  -3.625323  ]
 [ 0.41060674 -1.2086256 ]
 [ 3.554616   -3.6285217 ]
 [ 3.323672   -3.5238624 ]] [0 0 0 0 0 0 0 0]
[[ 3.5169432 -3.630333 ]
 [ 3.5393095 -3.632165 ]
 [-1.2502314  1.0248448]
 [ 3.2472272 -3.4716613]
 [ 0.6599963 -1.4713252]
 [ 3.0290284 -3.3058352]
 [ 3.4897337 -3.6224194]
 [ 1.776882  -2.347227 ]] [0 0 0 0 0 0 0 1]
[[-2.025279   2.195098 ]
 [ 3.457982  -3.6063077]
 [ 3.4480765 -3.5986738]
 [ 3.5016918 -3.628344 ]
 [ 3.459879  -3.6009867]
 [ 1.4367203 -2.0878356]
 [-3.3295488  3.387866 ]
 [ 3.5238292 -3.6302552]] [0 0 0 0 0 1 1 0]
[[ 2.0796158 -2.5572627]
 [ 1.1277704 -1.8575219]
 [ 2.7394326 -3.0858958]
 [ 3.5646813 -3.6222742]
 [ 3.1118224 -3.3674784]
 [ 2.8183582 -3.1456797]
 [ 3.473322  -3.6134496]
 [ 3.5222678 -3.6329765]] [0 1 0 0 0 0 0 0]
[[ 3.5155096 -3.6273081]
 [ 3.500958  -3.6295989]
 [ 3.48627   -3.6169229]
 [ 3.3976848 -3.5666752]
 [ 3.1313546 -3.3789735]
 [-1.5351692  1.4271543]
 [ 3.410553  -3.581772 ]
 [ 3.4155114 -3.5827234]] [0 0 0 0 0 0 0 0]
[[ 3.5205746 -3.632059 ]
 [ 3.503043  -3.6311257]
 [ 3.1728928 -3.4150856]
 [ 3.4864016 -3.6203487]
 [ 3.2874022 -3.4929924]
 [ 3.5435278 -3.6316936]
 [ 3.4668534 -3.6103544]
 [ 3.5255892 -3.629578 ]] [0 0 0 0 0 0 0 0]
[[ 3.548974  -3.633904 ]
 [ 3.5212688 -3.631355 ]
 [ 3.5379305 -3.635283 ]
 [ 2.9649    -3.25501  ]
 [ 3.4807315 -3.615647 ]
 [ 3.5481162 -3.6318793]
 [ 2.1888769 -2.6607013]
 [ 3.5359507 -3.6337302]] [0 0 0 0 0 0 1 0]
[[ 3.4698029 -3.6101053]
 [ 3.4572117 -3.6059906]
 [ 0.7066077 -1.4874464]
 [ 3.5285692 -3.6314976]
 [ 2.405874  -2.8304896]
 [ 3.5441055 -3.636902 ]
 [ 3.4515831 -3.6063304]
 [ 3.5283988 -3.6306107]] [0 0 0 0 0 0 0 0]
[[ 2.7977958 -3.129689 ]
 [ 3.3493147 -3.5378249]
 [ 2.2167249 -2.6790593]
 [ 3.5067286 -3.6277738]
 [ 3.5361402 -3.6313639]
 [ 3.1955853 -3.42943  ]
 [ 3.4596229 -3.606626 ]
 [ 3.469219  -3.6066332]] [0 0 0 0 0 0 0 0]
[[ 2.4144843 -2.8302755]
 [ 3.5303988 -3.6370847]
 [ 3.4508753 -3.6034193]
 [ 3.3060937 -3.5070317]
 [ 3.234184  -3.459261 ]
 [ 3.5402305 -3.6322303]
 [ 1.5082222 -2.1431637]
 [ 2.0750139 -2.5864494]] [0 0 0 0 0 0 0 0]
[[ 3.538293  -3.6322122]
 [-2.7132401  3.109535 ]
 [ 3.5369139 -3.632947 ]
 [ 3.5301025 -3.6318197]
 [-1.7906942  1.9197229]
 [ 3.4072049 -3.579714 ]
 [ 3.5130582 -3.6338494]
 [ 3.539422  -3.6296124]] [0 1 0 0 0 0 0 0]
[[ 3.4309037 -3.5929167]
 [ 3.5470197 -3.6328802]
 [ 3.5050447 -3.625429 ]
 [ 3.5318046 -3.6296725]
 [ 3.5583165 -3.6279223]
 [ 3.4716256 -3.6162446]
 [ 3.3293898 -3.5291758]
 [ 1.9633133 -2.4866083]] [0 0 0 0 0 0 0 0]
[[ 3.4927776 -3.6252112]
 [-3.3230348  3.452077 ]
 [ 3.507155  -3.627653 ]
 [ 3.4543657 -3.603861 ]
 [ 3.3533459 -3.5443103]
 [ 3.538206  -3.6296637]
 [ 3.5360165 -3.6335337]
 [ 3.5381317 -3.633426 ]] [0 0 0 0 0 0 0 0]
[[ 3.0778565 -3.3395057]
 [ 3.5163016 -3.6322994]
 [ 3.2537243 -3.47071  ]
 [-2.7059398  3.0885727]
 [ 3.2191792 -3.44744  ]
 [ 3.4567885 -3.60458  ]
 [ 2.866897  -3.1803412]
 [ 3.5276515 -3.630718 ]] [0 0 0 1 0 0 0 0]
[[ 2.059697  -2.5444453]
 [ 1.3630908 -2.049772 ]
 [ 3.524675  -3.627722 ]
 [ 3.478362  -3.6179943]
 [ 3.520891  -3.632366 ]
 [ 3.3233128 -3.5174372]
 [ 3.4585953 -3.6059997]
 [ 3.3451939 -3.5344658]] [0 1 0 0 0 0 0 0]
[[-2.3912487  2.6403959]
 [ 3.371552  -3.555681 ]
 [-1.7044897  1.8075432]
 [ 3.48078   -3.6158526]
 [ 3.538005  -3.6338336]
 [ 3.5488946 -3.6294901]
 [ 3.2250893 -3.4506638]
 [-2.2256236  2.8057845]] [0 0 0 0 0 0 0 1]
[[ 3.543913   -3.6351504 ]
 [-1.6530603   1.696526  ]
 [-1.1065174   0.70243245]
 [ 3.3971334  -3.5656934 ]
 [ 3.3472853  -3.536278  ]
 [-1.49358     1.4753023 ]
 [ 3.5344362  -3.6368945 ]
 [ 1.92772    -2.4518356 ]] [0 1 1 0 0 0 0 0]
[[ 3.5385938 -3.6330726]
 [ 3.4056287 -3.5801556]
 [ 3.4392416 -3.5984783]
 [ 3.5644348 -3.616928 ]
 [ 3.4919405 -3.620815 ]
 [ 3.2267904 -3.4495666]
 [ 3.351547  -3.544304 ]
 [ 3.3167853 -3.5150826]] [0 0 0 0 0 0 0 0]
[[-1.3431908   1.2008541 ]
 [ 3.4955127  -3.6233242 ]
 [ 3.4946914  -3.6219068 ]
 [-1.0593073   0.62473786]
 [ 3.5529997  -3.6297178 ]
 [ 3.544656   -3.6295574 ]
 [-3.3501008   3.4838665 ]
 [ 3.4636483  -3.6076567 ]] [0 0 0 0 0 0 1 0]
[[ 2.8616354 -3.1811757]
 [ 2.1615455 -2.6300733]
 [ 3.508303  -3.6309786]
 [ 3.1824646 -3.4131143]
 [ 3.2413356 -3.4616942]
 [ 3.5255795 -3.6327548]
 [ 3.454847  -3.6051393]
 [ 3.512489  -3.630989 ]] [0 0 0 0 0 0 0 0]
[[ 1.7214957 -2.304669 ]
 [ 3.5640132 -3.620245 ]
 [ 3.5228987 -3.6356025]
 [ 3.549709  -3.631625 ]
 [ 3.4215515 -3.5865037]
 [ 3.4571807 -3.6089318]
 [ 3.5483341 -3.6309855]
 [ 3.5329714 -3.6348786]] [0 0 0 0 1 0 0 0]
[[ 3.4805884 -3.619473 ]
 [ 3.308684  -3.5156822]
 [ 3.5553014 -3.6291747]
 [ 3.542626  -3.633304 ]
 [ 3.4620533 -3.6078992]
 [ 3.2214983 -3.4424193]
 [ 3.5169728 -3.6341178]
 [ 3.4886143 -3.620117 ]] [0 0 0 0 0 0 0 0]
[[ 3.5009754 -3.623514 ]
 [ 3.5395792 -3.634932 ]
 [ 3.5593863 -3.6269422]
 [ 3.537482  -3.6339715]
 [ 3.4722688 -3.616852 ]
 [ 3.039562  -3.3088384]
 [-3.1185777  3.455386 ]
 [ 3.5605507 -3.6234224]] [0 0 0 0 0 0 1 0]
[[ 3.5136201 -3.6310604]
 [ 3.505968  -3.625094 ]
 [ 3.2434704 -3.4619226]
 [ 3.5436153 -3.6303623]
 [ 3.5444078 -3.6335814]
 [ 3.5452182 -3.6323419]
 [ 3.4512062 -3.6054099]
 [ 2.44564   -2.8594122]] [0 0 0 0 0 0 0 0]
[[ 3.540399  -3.6320624]
 [ 1.5398922 -2.1661727]
 [ 3.498501  -3.628076 ]
 [ 3.5241718 -3.6325243]
 [ 3.3487055 -3.5383584]
 [ 3.4918296 -3.6201289]
 [ 2.459371  -2.8749056]
 [ 3.4864292 -3.6195104]] [0 0 0 0 0 0 0 0]
[[ 3.5568366 -3.6257758]
 [ 3.541464  -3.6354964]
 [ 2.0839956 -2.5736814]
 [ 3.511096  -3.6278834]
 [ 3.5356855 -3.6325269]
 [ 3.5382488 -3.6331904]
 [ 0.596495  -1.3975672]
 [ 3.4488888 -3.5971363]] [0 0 0 0 0 0 0 0]
[[-1.6154789  1.6212736]
 [ 3.5451856 -3.6301384]
 [ 0.8617032 -1.6521152]
 [ 3.4416275 -3.595068 ]
 [ 3.3361702 -3.5352218]
 [ 3.3993394 -3.5766068]
 [ 3.4695184 -3.60607  ]
 [ 3.087512  -3.358594 ]] [1 0 1 0 0 0 0 0]
[[ 3.539313  -3.6364274]
 [ 2.8405356 -3.1607714]
 [ 3.420162  -3.5810504]
 [ 3.435165  -3.5960362]
 [ 3.449038  -3.6035578]
 [ 0.9042061 -1.6722236]
 [ 3.5498257 -3.632892 ]
 [ 3.4452078 -3.5945518]] [0 0 0 0 0 0 0 0]
[[ 3.5528846 -3.6290867]
 [ 3.5255888 -3.6276495]
 [ 3.5218444 -3.630056 ]
 [ 3.225279  -3.447259 ]
 [ 2.0271738 -2.533854 ]
 [ 3.5120182 -3.6324172]
 [ 3.428732  -3.5861118]
 [ 3.404819  -3.5754704]] [0 0 0 0 0 0 0 0]
[[ 3.5334353 -3.6347938]
 [ 2.7873142 -3.122771 ]
 [ 3.4517024 -3.6065683]
 [ 3.237286  -3.462349 ]
 [ 3.3930914 -3.5720434]
 [ 3.394278  -3.5737906]
 [ 3.3817763 -3.553765 ]
 [-3.3081079  3.4998345]] [0 0 0 0 0 0 0 0]
[[-2.1175084  2.2869873]
 [ 2.828212  -3.1516247]
 [ 3.4829946 -3.6161518]
 [ 3.491422  -3.623926 ]
 [ 3.462338  -3.614412 ]
 [ 3.5053997 -3.62783  ]
 [ 2.1025102 -2.5867326]
 [ 3.5628603 -3.6212108]] [1 0 0 0 0 0 0 0]
[[ 3.4921193 -3.6236517]
 [-3.3601918  3.4719765]
 [ 3.237286  -3.462349 ]
 [ 3.5475554 -3.6323848]
 [-3.308155   3.5068016]
 [-3.3611555  3.4702258]
 [ 3.391143  -3.5655563]
 [-2.9809656  3.4391599]] [0 1 0 0 1 1 0 0]
[[ 1.6498934  -2.2601733 ]
 [ 3.4322968  -3.5910873 ]
 [-1.6578737   1.73488   ]
 [-2.1667395   2.3407633 ]
 [ 3.552575   -3.634651  ]
 [ 3.4613814  -3.600294  ]
 [-0.04302786 -0.75601804]
 [ 3.550358   -3.6263413 ]] [0 0 0 1 0 0 0 0]
[[ 3.4721367 -3.6105332]
 [ 3.542082  -3.6299253]
 [ 3.200894  -3.4308531]
 [ 2.2344892 -2.6765294]
 [ 3.4142327 -3.5821784]
 [ 3.5288634 -3.6352038]
 [ 3.4935026 -3.6247792]
 [ 3.4785168 -3.6155071]] [0 0 0 1 0 0 0 0]
[[ 2.6265867 -3.0036879]
 [ 3.5121899 -3.6300828]
 [ 2.988785  -3.2813606]
 [ 1.6299603 -2.2420301]
 [ 3.514711  -3.6273763]
 [ 2.7881675 -3.1261759]
 [ 3.5296483 -3.639147 ]
 [ 2.8706985 -3.1862984]] [1 0 0 0 0 0 0 0]
[[ 3.48916   -3.617305 ]
 [ 3.4999745 -3.6312015]
 [ 3.5114095 -3.630299 ]
 [ 3.476919  -3.6189604]
 [ 3.5184495 -3.631008 ]
 [ 3.5523596 -3.6330726]
 [ 3.5162218 -3.6274824]
 [ 3.5468702 -3.6323493]] [0 0 0 0 0 0 0 0]
[[ 1.3363703 -2.004821 ]
 [ 2.3807368 -2.8108268]
 [ 3.4435825 -3.6061227]
 [ 3.5596542 -3.6260703]
 [ 2.9800205 -3.270503 ]
 [ 3.5187466 -3.628309 ]
 [ 3.5144536 -3.6281426]
 [ 3.4844468 -3.6177742]] [0 0 0 0 0 0 0 0]
[[ 2.8427002  -3.1627839 ]
 [ 3.5336976  -3.6314864 ]
 [ 3.4697776  -3.606758  ]
 [ 3.453097   -3.60572   ]
 [ 3.5485237  -3.6323922 ]
 [ 2.1869483  -2.656899  ]
 [ 3.5376832  -3.6317265 ]
 [ 0.68845654 -1.4895617 ]] [0 0 0 0 0 0 0 0]
[[ 3.4342482 -3.5942795]
 [ 2.3801248 -2.814912 ]
 [ 3.4231606 -3.5897381]
 [ 3.4402528 -3.5949464]
 [ 3.5350053 -3.6382878]
 [ 3.1429994 -3.386136 ]
 [ 3.269622  -3.484215 ]
 [-1.3137875  1.1666145]] [0 0 0 0 0 0 0 1]
[[-1.9537753  2.1172013]
 [ 3.266675  -3.4770505]
 [ 3.270271  -3.4822009]
 [ 3.5644348 -3.616928 ]
 [ 3.5143037 -3.6299307]
 [ 3.5460963 -3.630926 ]
 [ 3.4035156 -3.5749059]
 [-1.3313853  1.1407268]] [0 0 0 0 0 0 0 1]
[[ 2.61071   -2.9934363]
 [ 3.4162443 -3.5826476]
 [-3.3371422  3.454409 ]
 [ 3.5152905 -3.6318192]
 [ 3.44062   -3.5952625]
 [ 3.0393589 -3.3078728]
 [ 3.5525832 -3.6339147]
 [ 3.5075495 -3.6275747]] [0 0 1 0 0 0 0 0]
[[ 3.5330865 -3.6332412]
 [ 3.3634796 -3.5495045]
 [ 3.391337  -3.5684304]
 [ 3.556686  -3.632463 ]
 [ 2.9413276 -3.232382 ]
 [ 3.523842  -3.6288548]
 [ 3.5482306 -3.6318703]
 [-2.202692   2.5035148]] [0 0 0 0 0 0 0 1]
[[ 3.4330292 -3.5946608]
 [ 3.492201  -3.6238017]
 [ 3.415327  -3.5845172]
 [ 3.115618  -3.374403 ]
 [ 3.4380329 -3.5958927]
 [ 3.2277198 -3.4545794]
 [ 2.218387  -2.682395 ]
 [-2.1966097  2.4309144]] [0 0 0 0 0 0 0 0]
[[ 2.44467   -2.8336835]
 [ 3.4138563 -3.5733972]
 [ 3.4953926 -3.6215096]
 [ 3.5489051 -3.6347141]
 [ 3.5001445 -3.6281435]
 [ 2.1410248 -2.6239743]
 [ 3.346214  -3.537293 ]
 [ 3.3848896 -3.5590875]] [0 0 0 0 0 0 0 0]
[[ 1.767258   -2.3430169 ]
 [ 3.5168664  -3.6302946 ]
 [ 3.4512818  -3.5964093 ]
 [ 3.4982078  -3.6278598 ]
 [-2.8313892   3.140304  ]
 [-0.0783058  -0.71456754]
 [ 3.4042394  -3.582027  ]
 [ 2.7257998  -3.0790584 ]] [0 0 0 0 0 0 0 0]
[[ 3.3536599 -3.546054 ]
 [ 3.4559245 -3.5991366]
 [ 3.3534303 -3.5436063]
 [ 3.3792195 -3.5650513]
 [ 3.5104585 -3.6296318]
 [-3.3399274  3.4611073]
 [ 2.8686361 -3.1784158]
 [ 3.398887  -3.5732024]] [0 0 0 0 0 1 0 0]
[[-0.71952504  0.05869531]
 [ 3.4968529  -3.6256258 ]
 [ 3.4762914  -3.614843  ]
 [-1.3988421   1.3237097 ]
 [ 3.4674168  -3.6105793 ]
 [ 3.5465448  -3.6327477 ]
 [ 2.6348348  -2.9980156 ]
 [ 3.506055   -3.6317172 ]] [0 0 0 0 0 0 0 0]
[[ 3.4265015  -3.590309  ]
 [ 2.9998348  -3.2786376 ]
 [ 3.2209144  -3.4432197 ]
 [ 2.408292   -2.8273485 ]
 [ 3.4180546  -3.5848787 ]
 [ 0.29429772 -1.0068241 ]
 [ 3.548232   -3.631647  ]
 [ 3.527392   -3.6323836 ]] [0 0 0 0 0 1 0 0]
[[-0.03114091 -0.7455489 ]
 [ 3.4929783  -3.6232893 ]
 [ 3.4827185  -3.6174595 ]
 [-3.2735615   3.4802763 ]
 [ 3.1931329  -3.4296453 ]
 [ 3.1048615  -3.3683312 ]
 [ 3.1113715  -3.3684592 ]
 [ 3.5437553  -3.6348703 ]] [0 0 0 0 0 0 0 0]
[[ 3.3523707 -3.5430205]
 [ 3.5063565 -3.6233852]
 [ 3.5112915 -3.6287072]
 [ 3.5197475 -3.6313238]
 [ 3.418554  -3.5865858]
 [ 3.5581534 -3.6245956]
 [ 3.5194929 -3.6280932]
 [ 3.2541733 -3.4727635]] [0 0 0 0 0 0 0 1]
[[ 3.4991121 -3.6228487]
 [ 3.5408232 -3.6377141]
 [ 3.5331964 -3.6317797]
 [ 3.3687916 -3.55309  ]
 [ 3.1690288 -3.4108288]
 [ 3.550746  -3.632948 ]
 [ 3.4865792 -3.6155267]
 [ 3.5150895 -3.63181  ]] [0 0 0 0 0 0 0 0]
[[-1.4319564   1.295514  ]
 [-1.0834948   0.67011315]
 [ 3.5126345  -3.6279538 ]
 [ 3.4996035  -3.6243682 ]
 [ 3.5184505  -3.6260684 ]
 [ 3.5370758  -3.633758  ]
 [ 2.9612737  -3.2538493 ]
 [-1.998968    2.2733545 ]] [0 0 0 0 0 0 0 1]
[[ 2.1231818 -2.6036658]
 [ 3.5013773 -3.625187 ]
 [ 3.1910157 -3.4280434]
 [-1.5527347  1.5498536]
 [ 3.4873605 -3.6173193]
 [-1.6653229  1.6750246]
 [ 2.478095  -2.8856227]
 [ 3.4968636 -3.6220455]] [0 0 0 0 0 0 0 0]
[[ 2.2515588 -2.7130823]
 [-2.5835853  2.822762 ]
 [ 3.5273652 -3.6305327]
 [ 3.209023  -3.43562  ]
 [ 1.6510819 -2.2599218]
 [ 3.4665632 -3.6119642]
 [ 2.4021366 -2.8298385]
 [ 3.4485176 -3.6037087]] [0 1 0 0 0 0 0 0]
[[ 3.5223415 -3.6362658]
 [ 3.5218172 -3.6291142]
 [ 3.529618  -3.630704 ]
 [ 3.4845164 -3.6209514]
 [ 3.183339  -3.42327  ]
 [ 3.4736829 -3.6176076]
 [ 3.4979787 -3.6246579]
 [ 3.3548477 -3.540867 ]] [0 0 0 0 0 0 0 0]
[[ 2.319942  -2.758011 ]
 [ 3.5446725 -3.6339743]
 [ 3.545898  -3.6287303]
 [ 3.4741445 -3.6107893]
 [ 3.4308615 -3.5884254]
 [ 3.4214432 -3.5835576]
 [ 3.2675478 -3.474032 ]
 [ 3.5364287 -3.6342137]] [0 0 0 0 0 0 0 0]
[[ 3.2156157 -3.4458494]
 [ 3.4942396 -3.6256309]
 [ 3.4460087 -3.594914 ]
 [-3.355073   3.4664822]
 [ 3.4245033 -3.585425 ]
 [ 3.5059922 -3.622762 ]
 [ 3.4722831 -3.6105707]
 [ 3.354127  -3.5355272]] [0 0 0 1 0 0 0 0]
[[ 3.539722   -3.634985  ]
 [ 3.4696093  -3.6135106 ]
 [ 3.5409214  -3.6307425 ]
 [ 3.4905946  -3.622025  ]
 [ 0.17817721 -0.99003524]
 [-1.3396275   1.1427112 ]
 [ 3.328454   -3.5268106 ]
 [ 3.0961943  -3.349022  ]] [0 0 0 0 0 0 0 0]
[[ 3.5118012 -3.6329324]
 [ 3.526929  -3.6386957]
 [ 3.4188054 -3.584514 ]
 [ 3.4977076 -3.6258485]
 [ 3.5419505 -3.632476 ]
 [ 3.5370986 -3.632469 ]
 [ 3.2434878 -3.4655986]
 [ 3.2767859 -3.492672 ]] [0 0 0 0 0 0 0 0]
[[ 1.1976743  -1.9060929 ]
 [ 3.4457023  -3.5989368 ]
 [ 3.480917   -3.6174545 ]
 [-2.7741823   3.1441567 ]
 [ 3.4400933  -3.5966299 ]
 [ 3.5342915  -3.6356575 ]
 [-0.61257446  0.04012633]
 [-3.1773348   3.3739946 ]] [1 0 0 1 0 0 0 0]
[[ 3.461139   -3.6024377 ]
 [ 2.7945688  -3.1283457 ]
 [ 2.7904294  -3.1284177 ]
 [ 3.4934382  -3.6205695 ]
 [ 3.4961734  -3.6248941 ]
 [ 3.4310007  -3.5944238 ]
 [ 3.500828   -3.6259508 ]
 [ 0.38848686 -1.1813697 ]] [0 0 0 0 0 0 0 1]
[[ 2.5586627 -2.9338968]
 [ 3.556779  -3.6270707]
 [ 2.1728365 -2.6475213]
 [ 3.5507865 -3.634539 ]
 [-2.1702142  2.406991 ]
 [ 3.5083086 -3.6304083]
 [ 1.2489148 -1.9490898]
 [ 3.397422  -3.5663095]] [1 0 0 0 0 0 0 0]
[[ 3.4869158 -3.6204937]
 [ 3.450287  -3.605435 ]
 [ 3.3813612 -3.5572147]
 [ 3.516615  -3.6302836]
 [ 3.507011  -3.6265047]
 [ 3.5623834 -3.625123 ]
 [ 3.2688665 -3.4839091]
 [ 3.5447836 -3.6344056]] [0 0 0 0 0 0 0 0]
[[ 3.1060922 -3.364333 ]
 [ 3.5382988 -3.6323004]
 [-2.9578366  3.2635643]
 [ 2.9007704 -3.2047017]
 [ 3.391188  -3.5667076]
 [ 3.5088203 -3.6294682]
 [ 3.336359  -3.533781 ]
 [ 2.976534  -3.2702174]] [0 0 0 0 0 0 0 0]
[[ 3.468754   -3.6099417 ]
 [ 0.98190546 -1.7320977 ]
 [ 3.0704896  -3.331082  ]
 [ 3.5569642  -3.628948  ]
 [ 2.9274616  -3.2323854 ]
 [ 3.543892   -3.6310155 ]
 [ 3.4999256  -3.6231198 ]
 [ 3.4758208  -3.6106868 ]] [0 0 0 0 0 0 0 0]
[[-3.3328505  3.5050945]
 [ 1.4896858 -2.1381376]
 [ 3.5479379 -3.6324985]
 [ 2.7905254 -3.123093 ]
 [ 1.6831968 -2.292713 ]
 [ 3.2893836 -3.4996538]
 [ 2.4629314 -2.8569577]
 [ 3.45445   -3.599126 ]] [1 0 0 0 0 0 0 0]
[[ 3.3790908 -3.5573783]
 [ 3.557638  -3.6281471]
 [ 1.2993726 -2.0319157]
 [ 3.4492307 -3.604178 ]
 [ 3.4802508 -3.616423 ]
 [-1.5937655  1.6614631]
 [ 2.182673  -2.647184 ]
 [-1.3933347  1.2570491]] [0 0 1 0 0 0 0 0]
[[ 3.1951272 -3.4284022]
 [ 2.5558467 -2.939792 ]
 [ 1.0534527 -1.7932767]
 [ 3.5282063 -3.6302881]
 [ 2.1124723 -2.617048 ]
 [-1.9731927  2.1195943]
 [ 2.5699914 -2.9628336]
 [ 3.5358443 -3.6329432]] [0 0 0 0 0 1 1 0]
[[ 3.1190112  -3.3774066 ]
 [ 0.11160715 -0.8094018 ]
 [ 3.0449612  -3.3077273 ]
 [ 3.4173262  -3.5779748 ]
 [-1.4356197   1.3213512 ]
 [ 3.5234792  -3.635176  ]
 [ 3.5543494  -3.6284897 ]
 [ 2.6381764  -3.0020342 ]] [0 1 0 0 1 0 0 0]
[[ 3.4370942 -3.5957572]
 [ 3.2709277 -3.481437 ]
 [ 2.6038172 -2.972479 ]
 [ 0.8963282 -1.6369766]
 [ 3.556093  -3.6281545]
 [ 3.5433345 -3.6345236]
 [ 2.6711583 -3.0298688]
 [ 3.5273697 -3.6307771]] [0 0 0 0 0 0 0 0]
[[-2.9067686  3.287458 ]
 [ 3.5096116 -3.6304176]
 [ 3.1062174 -3.3623977]
 [ 2.6129196 -2.9849272]
 [ 3.5249891 -3.6370676]
 [ 3.5357914 -3.637543 ]
 [ 3.389669  -3.5673158]
 [ 3.536956  -3.6327398]] [0 0 0 0 0 0 0 0]
[[ 3.5133908 -3.6334364]
 [ 3.0040908 -3.28557  ]
 [-1.7794145  1.8473947]
 [ 3.5508978 -3.632841 ]
 [ 3.3334534 -3.5302846]
 [ 3.2801883 -3.488965 ]
 [ 3.4844265 -3.6157355]
 [ 3.3776112 -3.557391 ]] [0 0 1 0 0 0 0 0]
[[ 3.3897636 -3.565791 ]
 [ 3.063283  -3.327404 ]
 [ 3.55289   -3.6311834]
 [ 3.2790473 -3.484924 ]
 [ 0.3530424 -1.1819354]
 [ 3.5389884 -3.6352704]
 [ 3.322543  -3.5225778]
 [ 2.0060406 -2.507737 ]] [0 0 0 0 0 0 0 1]
[[ 3.528168  -3.635881 ]
 [ 3.5521636 -3.6325214]
 [ 3.394401  -3.5728912]
 [ 3.5336733 -3.6307318]
 [ 3.1907065 -3.4270074]
 [ 3.5543985 -3.6285858]
 [-1.4082392  1.2529947]
 [ 3.4853635 -3.6232321]] [0 0 0 0 0 0 0 0]
[[-3.050021   3.3781302]
 [ 3.5317132 -3.636888 ]
 [ 3.4059467 -3.584618 ]
 [ 3.5073125 -3.6319368]
 [ 3.485046  -3.6178071]
 [ 3.5244246 -3.6314464]
 [ 3.5306492 -3.633669 ]
 [ 3.4337368 -3.5855598]] [1 0 0 0 0 0 0 0]
[[-1.4241966  1.3417925]
 [ 3.5300822 -3.6352105]
 [ 3.5067503 -3.6248758]
 [ 3.4648142 -3.6145446]
 [ 3.1739256 -3.4093397]
 [-1.6599073  1.7232771]
 [ 1.5670564 -2.1940498]
 [ 3.4938316 -3.620001 ]] [0 0 0 0 0 1 1 0]
[[ 3.3363066 -3.5303073]
 [-2.656766   3.1139681]
 [ 3.2325573 -3.4585042]
 [ 3.5509717 -3.63239  ]
 [ 3.391661  -3.5643232]
 [ 3.365848  -3.5445027]
 [ 3.5115232 -3.6225588]
 [ 3.5381308 -3.6307275]] [0 1 0 0 0 0 0 0]
[[-1.1141803  0.6989938]
 [-2.9773202  3.3960526]
 [ 3.445628  -3.5965226]
 [-1.4473051  1.3646245]
 [ 3.5408018 -3.6323485]
 [ 3.5364957 -3.6292057]
 [ 2.2755117 -2.736477 ]
 [ 3.4797292 -3.6144934]] [0 0 0 0 0 0 0 0]
[[ 3.5489862 -3.6314607]
 [ 2.091552  -2.5913517]
 [ 2.1045744 -2.605107 ]
 [ 3.5329516 -3.6344352]
 [ 3.3949976 -3.5654192]
 [ 3.5548625 -3.628637 ]
 [ 3.3898473 -3.5649407]
 [ 3.449578  -3.6004329]] [0 0 0 0 0 0 0 0]
[[ 2.2403839 -2.680983 ]
 [ 3.3173714 -3.5086334]
 [ 3.5329087 -3.6308036]
 [ 3.5132675 -3.6299825]
 [ 3.5065875 -3.6302798]
 [ 3.5144944 -3.6279876]
 [ 3.4141667 -3.5780594]
 [ 2.5906796 -2.9706655]] [0 0 0 0 0 0 0 1]
[[ 3.5182853 -3.6301267]
 [ 3.5196092 -3.6301177]
 [ 3.3857985 -3.5628111]
 [ 1.6029439 -2.214156 ]
 [ 2.138877  -2.6137378]
 [ 3.4612067 -3.6084135]
 [ 3.5563169 -3.629174 ]
 [ 3.5229995 -3.6340652]] [0 0 0 0 0 0 0 0]
[[ 3.402624  -3.5794935]
 [ 3.513186  -3.6296368]
 [ 3.3058867 -3.5050008]
 [ 3.278207  -3.4869223]
 [ 3.4362683 -3.5932615]
 [ 3.508682  -3.6285846]
 [ 3.5030215 -3.6275713]
 [ 3.5308793 -3.6322527]] [0 0 0 0 0 0 0 0]
[[ 2.0198174 -2.5320344]
 [-3.3251805  3.5026996]
 [ 3.5417154 -3.6333635]
 [ 3.333249  -3.5238152]
 [-1.4842861  1.4267195]
 [ 3.5415046 -3.6310525]
 [ 3.5258055 -3.6338003]
 [-3.3411603  3.4562345]] [0 1 0 0 1 0 0 1]
[[ 3.5417972 -3.6349683]
 [ 3.464017  -3.6111057]
 [ 3.4874766 -3.623893 ]
 [ 3.5016441 -3.6224787]
 [ 3.5297053 -3.6316645]
 [-1.7682481  1.8431398]
 [ 3.5472689 -3.6313713]
 [ 3.5324314 -3.6354256]] [0 0 0 0 0 0 0 0]
[[ 3.388587  -3.567876 ]
 [ 3.5207098 -3.6320786]
 [ 2.9835243 -3.2643683]
 [ 3.3013797 -3.5053883]
 [-2.0053637  2.1452272]
 [ 2.8559027 -3.1707125]
 [ 3.526971  -3.6319437]
 [ 2.0614953 -2.550278 ]] [0 0 0 0 0 0 0 0]
[[ 3.0924911  -3.349104  ]
 [ 3.4959228  -3.623255  ]
 [-0.5776141  -0.11695549]
 [-1.4107689   1.2930157 ]
 [-1.3076528   1.0926315 ]
 [ 3.5046163  -3.6272776 ]
 [ 3.5448484  -3.6303306 ]
 [ 2.2984579  -2.7380884 ]] [0 0 0 0 1 0 0 0]
[[-2.9212494   3.1870744 ]
 [-1.2550987   0.99180025]
 [ 3.4060776  -3.5744076 ]
 [ 3.5205147  -3.6321638 ]
 [ 2.722965   -3.0654602 ]
 [ 2.2161925  -2.6686234 ]
 [ 2.3953776  -2.812893  ]
 [ 3.5225246  -3.6302135 ]] [1 1 0 0 0 1 0 0]
[[ 2.9221454 -3.2268555]
 [ 3.3137014 -3.5153575]
 [ 3.5204678 -3.634221 ]
 [ 3.4803517 -3.616194 ]
 [ 1.2945714 -1.95994  ]
 [-1.2023528  0.9016296]
 [ 3.564424  -3.619223 ]
 [ 3.483329  -3.6108432]] [0 0 0 0 1 0 0 0]
[[-1.8068602  1.9556302]
 [ 3.5344605 -3.633744 ]
 [ 3.3765497 -3.555777 ]
 [ 3.5339744 -3.6380167]
 [-1.0903168  0.7150724]
 [ 2.5544446 -2.9467945]
 [-2.5307395  2.9242733]
 [ 3.4990458 -3.6211278]] [1 0 0 0 0 0 1 0]
[[ 3.3435395 -3.532086 ]
 [ 3.2025194 -3.433892 ]
 [ 3.551523  -3.633947 ]
 [-2.6072404  3.1075232]
 [ 3.5085607 -3.6250985]
 [ 3.5480924 -3.6329162]
 [-1.5248815  1.5403761]
 [ 1.5990735 -2.2334378]] [0 0 0 0 0 0 0 0]
[[ 3.5322394 -3.6311467]
 [ 3.5183637 -3.6254022]
 [ 3.4596562 -3.6105838]
 [ 3.5089068 -3.6272054]
 [ 3.5044446 -3.63011  ]
 [ 3.1996605 -3.4359708]
 [ 3.4902813 -3.6233644]
 [-1.352375   1.1515476]] [0 0 0 0 0 0 0 0]
[[-2.5716562  3.1435263]
 [-3.003046   3.1905582]
 [ 3.4465263 -3.5984275]
 [ 3.450763  -3.6010978]
 [ 3.5465105 -3.6323369]
 [ 3.5330396 -3.6274915]
 [ 3.4349468 -3.594606 ]
 [ 2.5930283 -2.9765043]] [1 0 0 0 0 0 0 0]
[[ 3.465285  -3.609725 ]
 [ 3.1114728 -3.3678901]
 [ 3.4749966 -3.6131113]
 [ 3.534204  -3.6357844]
 [-3.3503406  3.4656363]
 [ 3.463023  -3.608887 ]
 [ 3.522483  -3.6329355]
 [ 3.523939  -3.6284447]] [0 0 0 0 1 0 0 0]
[[ 3.329847  -3.523552 ]
 [ 3.4734576 -3.615571 ]
 [ 3.523848  -3.632973 ]
 [ 2.3350184 -2.7574399]
 [ 3.2763073 -3.494164 ]
 [ 3.523749  -3.6327183]
 [ 3.4825053 -3.6211855]
 [ 3.5287335 -3.6369874]] [0 0 0 0 0 0 0 0]
[[ 2.8436346 -3.1550002]
 [ 3.546875  -3.6342566]
 [ 3.56107   -3.6212387]
 [ 3.500602  -3.628089 ]
 [ 3.5641599 -3.6182   ]
 [ 1.6202275 -2.2513337]
 [ 3.5492232 -3.6329908]
 [ 2.730667  -3.073595 ]] [0 0 0 0 0 0 0 0]
[[ 3.147409  -3.3893845]
 [ 3.4900243 -3.622438 ]
 [ 3.3867965 -3.5647886]
 [ 2.2149668 -2.6773562]
 [-3.329994   3.4848623]
 [ 3.3862824 -3.5639036]
 [ 3.52991   -3.635153 ]
 [ 3.4981437 -3.6255856]] [0 0 0 0 1 0 0 0]
[[ 3.5180132 -3.6285326]
 [ 3.510234  -3.6334264]
 [ 3.3529398 -3.53912  ]
 [ 3.5557976 -3.628196 ]
 [ 3.5467608 -3.6342645]
 [ 3.5517714 -3.6334643]
 [-1.4252537  1.343256 ]
 [ 3.3960135 -3.5663114]] [0 0 0 0 0 0 0 0]
[[ 3.5078177 -3.6301847]
 [ 3.5027916 -3.623612 ]
 [ 3.4914422 -3.6217442]
 [ 3.3853257 -3.5616221]
 [ 1.827554  -2.3771834]
 [ 1.7834101 -2.3739872]
 [ 3.1898866 -3.4245348]
 [ 3.5286343 -3.6322029]] [0 0 0 0 0 0 0 0]
[[ 1.9913224 -2.5277584]
 [ 3.321643  -3.5188882]
 [ 2.2567327 -2.7115355]
 [-3.3507633  3.4857502]
 [ 3.503331  -3.6227865]
 [ 3.3821733 -3.5621965]
 [ 3.5229201 -3.628953 ]
 [ 3.4974258 -3.6266286]] [0 0 0 1 0 0 0 0]
[[ 3.4508202 -3.6073637]
 [ 3.1781328 -3.4221597]
 [ 3.2441444 -3.4613812]
 [ 3.527359  -3.6289234]
 [ 3.5146444 -3.6319087]
 [-2.9977486  3.3279421]
 [ 3.0705976 -3.329111 ]
 [ 3.4738212 -3.6165311]] [0 0 0 0 0 0 0 0]
[[ 2.0873199 -2.5741577]
 [ 3.5551949 -3.6293154]
 [ 2.541083  -2.9244428]
 [-1.6779306  1.7637998]
 [ 3.510119  -3.6273453]
 [ 3.5451763 -3.6345654]
 [ 3.5418556 -3.6314445]
 [ 3.0323343 -3.306035 ]] [0 0 0 1 0 0 0 0]
[[ 3.4965231 -3.627912 ]
 [ 3.4505768 -3.603657 ]
 [ 2.2659335 -2.706905 ]
 [ 3.3167114 -3.5229752]
 [ 3.413805  -3.5800877]
 [ 2.3093343 -2.753644 ]
 [ 3.4530044 -3.600857 ]
 [ 3.4202583 -3.584249 ]] [0 0 0 0 0 0 0 0]
[[-1.7844878  1.8573529]
 [ 2.4041858 -2.8341324]
 [ 3.4971607 -3.6256533]
 [ 3.5342827 -3.630251 ]
 [ 3.5166461 -3.629326 ]
 [ 3.2654223 -3.4767992]
 [ 3.5280504 -3.6320264]
 [-1.4724659  1.4271816]] [1 0 0 0 0 0 0 0]
[[ 3.5134468 -3.6280634]
 [ 3.5405996 -3.6344523]
 [ 3.398463  -3.57122  ]
 [ 3.5303931 -3.6282609]
 [ 3.5257678 -3.6307106]
 [ 3.494037  -3.624144 ]
 [ 3.4815862 -3.6191587]
 [ 2.9531393 -3.2515264]] [0 0 0 0 0 0 0 0]
[[ 3.5361047 -3.635571 ]
 [-2.9590237  3.2435071]
 [ 2.6135807 -2.9943824]
 [ 2.3447812 -2.774853 ]
 [ 3.4373305 -3.5944912]
 [ 3.3909602 -3.5610938]
 [ 3.5210025 -3.6333766]
 [ 3.3621502 -3.5475788]] [0 0 0 0 0 0 0 0]
[[ 3.4227836 -3.5888495]
 [-1.6186099  1.6325577]
 [ 3.4714432 -3.6121466]
 [ 1.7191668 -2.3009691]
 [ 3.440589  -3.5945432]
 [ 3.5195162 -3.6293278]
 [ 3.4540734 -3.6067533]
 [ 3.5226853 -3.6242957]] [0 0 0 0 0 0 0 0]
[[ 3.5525982 -3.6287189]
 [ 3.4703853 -3.6069412]
 [ 3.5353029 -3.6341681]
 [ 3.4152472 -3.57847  ]
 [ 3.2874022 -3.4929924]
 [ 3.4719105 -3.61737  ]
 [ 3.436867  -3.5978477]
 [ 3.3146448 -3.5226884]] [0 0 0 0 0 0 0 0]
[[ 3.5427716 -3.63288  ]
 [ 3.0334    -3.3031693]
 [ 3.5204067 -3.629519 ]
 [ 0.7603658 -1.5632033]
 [ 3.3745763 -3.5559247]
 [ 3.5382042 -3.6330485]
 [-1.9004716  2.0453699]
 [ 2.592461  -2.9707003]] [0 0 0 1 0 0 0 0]
[[ 3.5508404 -3.631426 ]
 [-1.6485559  1.5615942]
 [ 3.5360239 -3.6361792]
 [ 2.9754992 -3.2676392]
 [ 3.5472593 -3.6295047]
 [ 3.5229092 -3.6335776]
 [ 3.4919293 -3.6203957]
 [-2.7980134  3.079978 ]] [0 0 0 1 0 0 0 0]
[[ 3.4298851 -3.5856767]
 [ 3.432157  -3.590898 ]
 [ 3.5419955 -3.629516 ]
 [ 3.5554872 -3.6349678]
 [ 1.653579  -2.2666838]
 [ 3.1311727 -3.384723 ]
 [ 1.4450892 -2.104082 ]
 [ 3.4349465 -3.5914023]] [0 0 0 0 0 0 0 0]
[[-1.1698953  0.8261046]
 [ 3.5301104 -3.6308088]
 [-3.3231866  3.4491174]
 [ 3.428134  -3.5925581]
 [ 3.0703254 -3.336771 ]
 [ 3.5459573 -3.634571 ]
 [ 3.3734663 -3.5526254]
 [ 3.5278814 -3.6329224]] [1 0 0 0 0 0 0 0]
[[ 3.5087302 -3.6244192]
 [ 3.3123136 -3.5122244]
 [ 3.4507587 -3.6046848]
 [ 3.5092483 -3.6312518]
 [-3.3411853  3.394007 ]
 [ 3.5164664 -3.6325512]
 [ 3.5400875 -3.6311371]
 [ 3.5395865 -3.6358645]] [0 0 0 0 1 0 0 0]
[[ 3.5171356 -3.6308036]
 [ 3.5071661 -3.623    ]
 [ 3.5181074 -3.6278806]
 [ 3.5360248 -3.6348639]
 [ 3.4756854 -3.6180863]
 [ 3.505482  -3.627521 ]
 [-2.923972   3.165863 ]
 [ 3.5388083 -3.6330109]] [0 0 0 0 0 0 1 0]
[[ 3.3493147 -3.5378249]
 [ 3.5197756 -3.630366 ]
 [ 1.8794699 -2.4338548]
 [ 3.5016441 -3.6224787]
 [-3.0582695  3.3880067]
 [ 3.4682894 -3.607337 ]
 [ 3.02861   -3.304067 ]
 [ 3.5401354 -3.6299102]] [0 0 0 0 0 0 0 0]
[[ 2.740863  -3.0826845]
 [ 3.3705199 -3.551708 ]
 [ 3.5356612 -3.6364594]
 [ 3.5566406 -3.6238906]
 [ 3.5548224 -3.6297014]
 [ 3.0512753 -3.3219323]
 [ 3.538096  -3.6335003]
 [ 3.492116  -3.6262023]] [0 0 0 0 0 0 0 0]
[[ 3.1649463 -3.410317 ]
 [-3.3535366  3.4822187]
 [ 2.8898587 -3.199521 ]
 [ 3.3634653 -3.547391 ]
 [ 3.5271611 -3.6307836]
 [ 3.4990294 -3.627467 ]
 [ 1.6180528 -2.2397032]
 [-1.6610137  1.6887413]] [0 1 0 0 0 0 0 0]
[[-1.857366   1.8566152]
 [ 3.5172157 -3.631197 ]
 [ 3.5252986 -3.6312468]
 [ 3.3892255 -3.5633554]
 [ 2.281151  -2.725927 ]
 [ 3.5488527 -3.6286035]
 [ 3.5458238 -3.6334217]
 [ 3.0276446 -3.2971885]] [1 0 0 0 1 0 0 0]
[[ 3.122006  -3.3748486]
 [-2.4573107  2.6775677]
 [ 2.4399042 -2.853922 ]
 [ 3.4047592 -3.5768733]
 [ 3.4365287 -3.595023 ]
 [ 3.5139697 -3.6278892]
 [ 3.426177  -3.58642  ]
 [ 3.4557202 -3.6073492]] [0 0 0 0 0 0 0 0]
[[ 3.3996677 -3.5788743]
 [ 1.8292516 -2.3632112]
 [ 3.4522626 -3.6021912]
 [ 3.4955523 -3.6252294]
 [ 3.5345228 -3.6356466]
 [ 3.4983637 -3.6225524]
 [ 3.3256316 -3.5219836]
 [ 3.4768367 -3.6169465]] [0 0 0 0 0 0 0 0]
[[ 2.1032572  -2.5908265 ]
 [ 1.4991074  -2.13359   ]
 [-0.9071032   0.34803352]
 [ 3.5281494  -3.636043  ]
 [ 3.5153248  -3.6279523 ]
 [ 3.4892035  -3.61799   ]
 [ 3.551527   -3.6302369 ]
 [ 1.4277631  -2.0810335 ]] [0 0 0 0 0 0 0 0]
[[-0.35239375 -0.41396272]
 [ 3.5057678  -3.6275337 ]
 [-0.8298642   0.17507923]
 [ 3.5228815  -3.628245  ]
 [ 3.5532799  -3.627141  ]
 [ 3.5286293  -3.6316512 ]
 [ 1.8653219  -2.4129186 ]
 [ 3.3926487  -3.571582  ]] [0 0 0 0 0 0 0 0]
[[-1.5846008  1.5921514]
 [ 1.5410433 -2.172359 ]
 [-1.3684425  1.157779 ]
 [ 3.5265088 -3.6273236]
 [ 3.4950657 -3.6175272]
 [ 3.5370011 -3.6363163]
 [ 2.0651562 -2.5580707]
 [ 2.1895413 -2.6483338]] [0 0 0 0 0 0 0 0]
[[ 2.9378934 -3.236714 ]
 [ 3.547019  -3.6330752]
 [ 3.5215714 -3.6290436]
 [-3.0159683  3.4336896]
 [ 3.4349527 -3.590287 ]
 [ 3.4322205 -3.592525 ]
 [-1.3773842  1.2495716]
 [ 2.8308082 -3.1611981]] [0 0 0 1 0 0 1 0]
[[ 2.705554  -3.0564883]
 [ 3.545506  -3.631247 ]
 [ 3.5423422 -3.635653 ]
 [ 3.4853334 -3.6153338]
 [ 3.4233575 -3.5866156]
 [ 3.5207617 -3.628305 ]
 [ 2.9548378 -3.2500575]
 [ 3.5629961 -3.6178308]] [0 0 0 0 0 0 0 0]
[[ 3.544375  -3.632728 ]
 [ 3.2732794 -3.480181 ]
 [ 3.4259205 -3.5878203]
 [-3.3399312  3.4796646]
 [-1.4935762  1.3998955]
 [ 2.2957954 -2.7335062]
 [ 3.5116482 -3.631467 ]
 [ 3.1441638 -3.391373 ]] [0 0 0 0 1 0 0 0]
[[ 3.5516133  -3.631757  ]
 [ 3.2611234  -3.4805248 ]
 [ 3.4626887  -3.604593  ]
 [ 0.63923734 -1.436305  ]
 [ 3.5464265  -3.6300101 ]
 [ 3.2827864  -3.492385  ]
 [ 3.4099488  -3.5801113 ]
 [ 3.5363903  -3.6360452 ]] [0 0 0 0 0 0 0 0]
[[ 3.4305775 -3.5914154]
 [ 2.7961166 -3.1290972]
 [ 3.5190897 -3.6315417]
 [ 3.08619   -3.348414 ]
 [ 3.5590272 -3.6273859]
 [ 3.556873  -3.625646 ]
 [-2.3084204  2.8342116]
 [-1.4809047  1.4462762]] [0 0 0 0 0 0 0 0]
[[-1.7889584  1.8476287]
 [ 3.4717934 -3.6119556]
 [ 3.4703145 -3.6137505]
 [ 3.501678  -3.6246557]
 [ 3.4535306 -3.5970068]
 [ 2.9984555 -3.2793846]
 [ 3.4526985 -3.6041   ]
 [ 3.4639044 -3.6059487]] [0 0 0 0 0 0 0 0]
[[ 3.3723824  -3.5551054 ]
 [ 3.5275645  -3.633903  ]
 [ 1.6135883  -2.2278724 ]
 [ 3.457315   -3.5993156 ]
 [-1.1738472   0.99671197]
 [-1.8571059   1.9345206 ]
 [ 3.5148342  -3.630081  ]
 [ 3.5306087  -3.6315656 ]] [0 0 0 0 1 0 0 0]
[[ 3.5107808 -3.6273656]
 [ 3.513693  -3.630052 ]
 [ 3.504467  -3.6203926]
 [ 3.5210533 -3.6331449]
 [ 3.270696  -3.4835894]
 [ 3.5119998 -3.6245956]
 [ 3.5113688 -3.6298187]
 [ 2.6069129 -2.9861794]] [0 0 0 0 0 0 0 0]
[[ 3.1842628  -3.4158592 ]
 [ 0.24425417 -1.0556481 ]
 [-3.3418646   3.4211762 ]
 [ 3.5511482  -3.6286962 ]
 [ 3.5034978  -3.6267896 ]
 [ 2.7121272  -3.0616598 ]
 [ 3.472072   -3.6088178 ]
 [ 3.4725292  -3.6154351 ]] [0 0 1 0 0 0 0 0]
[[ 2.5055325  -2.9058888 ]
 [ 3.5088792  -3.6257474 ]
 [ 3.4308379  -3.5895705 ]
 [ 3.5397458  -3.6301687 ]
 [ 3.4100864  -3.574896  ]
 [ 3.5301683  -3.634836  ]
 [ 0.1213939  -0.94603807]
 [ 3.54114    -3.6313024 ]] [0 0 0 0 0 0 0 0]
[[ 3.3303218 -3.5230536]
 [ 3.428179  -3.5871844]
 [ 3.5411117 -3.634013 ]
 [ 2.5645525 -2.943338 ]
 [ 3.5068882 -3.6265635]
 [ 1.367842  -2.0302854]
 [-1.1714123  0.839845 ]
 [ 1.4123378 -2.0601778]] [0 0 0 0 0 0 0 0]
[[ 3.5131748 -3.6293652]
 [ 3.4966571 -3.6254494]
 [-1.7708962  1.8617308]
 [ 1.2211969 -1.8950678]
 [ 3.4411225 -3.6005032]
 [ 2.6893077 -3.044207 ]
 [ 3.4840002 -3.6163921]
 [ 3.4919598 -3.6230469]] [0 0 0 0 0 0 0 0]
[[ 3.4703784 -3.6131792]
 [ 3.545133  -3.6328077]
 [ 3.5525765 -3.6335895]
 [ 3.5035927 -3.6331286]
 [ 3.457925  -3.6091585]
 [ 2.7051892 -3.0583127]
 [ 3.529411  -3.6332655]
 [ 3.4934876 -3.621766 ]] [0 0 0 0 0 0 0 0]
[[ 3.512841  -3.626783 ]
 [ 3.434545  -3.5984895]
 [ 3.4749734 -3.6203594]
 [ 3.523297  -3.6358426]
 [ 3.3994825 -3.567692 ]
 [ 3.4855099 -3.6169221]
 [ 3.425863  -3.5848978]
 [ 3.3778336 -3.5536194]] [0 0 0 0 0 0 0 0]
[[ 3.366365  -3.5506725]
 [ 3.546695  -3.634043 ]
 [-1.4206219  1.350705 ]
 [ 3.526054  -3.6294444]
 [-2.997508   3.231707 ]
 [ 3.5093136 -3.6280484]
 [ 3.5019886 -3.631878 ]
 [ 3.550333  -3.6340678]] [0 0 0 0 0 0 0 0]
[[ 3.0462286 -3.3202817]
 [ 3.5441225 -3.6357985]
 [ 3.3959255 -3.5661438]
 [ 3.4343116 -3.5889637]
 [ 2.955135  -3.2441504]
 [ 2.1995423 -2.677151 ]
 [ 3.4212074 -3.5837286]
 [ 3.0741913 -3.3354712]] [0 0 0 0 0 0 0 0]
[[ 3.5421968 -3.6315367]
 [ 3.5011387 -3.6248434]
 [ 3.512485  -3.6319523]
 [-1.7242951  1.8074111]
 [ 3.5344803 -3.6355815]
 [ 3.4851766 -3.6172185]
 [ 3.5201373 -3.6287553]
 [ 3.5049863 -3.6279345]] [0 0 0 0 0 0 0 0]
[[ 2.0647235 -2.564467 ]
 [ 3.5037262 -3.6269865]
 [ 3.5346005 -3.6323714]
 [ 1.5587643 -2.175029 ]
 [ 3.5008783 -3.6271307]
 [ 3.562675  -3.6209629]
 [ 3.0571413 -3.3235278]
 [ 3.541603  -3.6320102]] [0 0 0 0 0 0 0 0]
[[ 3.4813712 -3.6190124]
 [ 3.5046277 -3.6245458]
 [ 3.3382514 -3.532516 ]
 [ 3.3595903 -3.5447533]
 [ 3.5252275 -3.6318688]
 [ 3.550608  -3.6318798]
 [ 3.5249467 -3.628299 ]
 [ 3.4707754 -3.6106625]] [0 0 0 0 0 0 0 0]
[[ 3.4757578 -3.6180973]
 [ 3.5102928 -3.6280758]
 [ 3.5025861 -3.6268663]
 [ 3.3632648 -3.546187 ]
 [ 2.9013648 -3.2104518]
 [ 0.9882289 -1.7303101]
 [ 3.5494664 -3.6310775]
 [ 3.3265882 -3.5263844]] [0 0 0 0 0 0 0 0]
[[ 3.1038516 -3.3582416]
 [ 2.1541357 -2.6435661]
 [ 2.9637914 -3.2636385]
 [-2.6351204  2.8606846]
 [ 3.5511286 -3.632988 ]
 [ 3.23011   -3.4518266]
 [-1.6065971  1.6590971]
 [ 3.5589254 -3.6245208]] [0 0 0 1 0 0 0 0]
[[ 3.3709898 -3.55741  ]
 [ 3.5150776 -3.6273699]
 [ 2.0645094 -2.5568144]
 [ 2.149738  -2.6326842]
 [ 3.2324882 -3.4536922]
 [ 3.5128238 -3.6263936]
 [ 3.5583627 -3.6264014]
 [ 3.5228918 -3.6316538]] [0 0 0 0 0 0 0 0]
[[ 2.6529408 -3.0190952]
 [ 3.5403259 -3.6272268]
 [ 3.5377374 -3.6354861]
 [ 2.8534791 -3.1685448]
 [ 3.073307  -3.3326347]
 [ 3.5586944 -3.6275325]
 [ 3.4859307 -3.619104 ]
 [ 3.4346282 -3.5889113]] [0 0 0 0 0 0 0 0]
[[ 3.5216715 -3.6294997]
 [ 3.5291476 -3.6349964]
 [ 3.4421077 -3.5990844]
 [ 1.604918  -2.2253196]
 [ 3.0826535 -3.3445828]
 [ 3.308662  -3.5069225]
 [ 2.7387438 -3.0859163]
 [-3.254901   3.4092364]] [0 0 0 1 0 0 0 0]
[[ 3.5417812 -3.6321292]
 [ 3.4451253 -3.5954888]
 [ 3.4948068 -3.62379  ]
 [ 1.8265235 -2.3758538]
 [-2.2839754  2.7155442]
 [ 1.4595888 -2.1510642]
 [ 3.5469775 -3.6316605]
 [ 3.134129  -3.3786688]] [0 0 0 0 0 0 0 0]
[[ 3.5564246 -3.6249132]
 [ 3.4678986 -3.6081011]
 [ 3.5259647 -3.6330535]
 [ 2.5357046 -2.922265 ]
 [-2.625075   2.9186711]
 [ 3.5484939 -3.6338794]
 [ 3.536335  -3.6293025]
 [ 3.5391915 -3.6298103]] [0 0 0 0 0 0 0 0]
[[ 3.5461695  -3.6348157 ]
 [-3.3192332   3.4615827 ]
 [-3.1577373   3.379932  ]
 [ 3.3777502  -3.5587716 ]
 [ 3.5166461  -3.6288404 ]
 [-0.52375996 -0.16616215]
 [-1.4344614   1.3265291 ]
 [ 3.5582752  -3.6282897 ]] [0 1 1 0 0 0 1 0]
[[ 3.3855112 -3.5659454]
 [ 3.4813747 -3.6105118]
 [ 3.5108821 -3.6284435]
 [ 3.2493045 -3.4710262]
 [ 3.463753  -3.6115541]
 [ 0.9917513 -1.7319695]
 [ 3.4949315 -3.6232023]
 [ 3.079134  -3.338302 ]] [0 0 0 0 0 0 0 0]
[[ 3.286551  -3.4996886]
 [ 0.4720797 -1.2870854]
 [ 2.152468  -2.633169 ]
 [ 3.5502627 -3.62894  ]
 [ 3.4874177 -3.615654 ]
 [ 3.52029   -3.6336415]
 [-1.4735926  1.2470168]
 [ 3.533282  -3.6350262]] [0 1 0 0 0 0 0 0]
[[ 3.5078347  -3.6287725 ]
 [ 3.5597024  -3.6213553 ]
 [-0.98747957  0.48948273]
 [ 3.425948   -3.5917187 ]
 [ 1.9966015  -2.4958904 ]
 [ 1.6061023  -2.233398  ]
 [ 3.4431849  -3.5875208 ]
 [ 3.2405024  -3.459085  ]] [0 0 1 0 0 0 0 0]
[[ 3.4760725  -3.6105936 ]
 [ 1.8207676  -2.385345  ]
 [ 3.5220115  -3.6280906 ]
 [ 3.501201   -3.625189  ]
 [-1.0853657   0.63354915]
 [ 2.5216331  -2.9233077 ]
 [ 3.3054185  -3.5093246 ]
 [ 3.4669428  -3.6092782 ]] [0 0 0 0 0 0 0 0]
[[ 3.4432294 -3.6019857]
 [ 3.4805315 -3.6150646]
 [ 2.7366776 -3.0810087]
 [ 3.451388  -3.5998642]
 [ 3.557707  -3.6279633]
 [ 2.6026356 -2.974777 ]
 [ 3.4851096 -3.6216497]
 [ 3.5191624 -3.634033 ]] [0 0 0 0 0 0 0 0]
[[ 3.5148623 -3.628907 ]
 [ 3.4397168 -3.591413 ]
 [ 3.4870398 -3.6217766]
 [ 2.402356  -2.8333545]
 [ 3.4213922 -3.5807927]
 [ 3.0758746 -3.3439302]
 [ 3.4639044 -3.6059487]
 [ 3.4265747 -3.5889668]] [0 0 0 1 0 0 0 0]
[[ 3.4207983 -3.5859628]
 [ 3.368856  -3.5517645]
 [ 3.512635  -3.6310973]
 [ 3.5282035 -3.634747 ]
 [ 3.5183017 -3.6324124]
 [-2.9322946  3.3914309]
 [ 1.9100925 -2.4599695]
 [ 2.4264705 -2.843528 ]] [0 0 0 0 0 1 0 0]
[[-1.5658728  1.6070174]
 [-1.8658959  2.1242936]
 [ 3.5354815 -3.6354837]
 [ 3.2483404 -3.465544 ]
 [ 3.3002555 -3.5080342]
 [ 1.1537368 -1.8890318]
 [ 3.5447867 -3.6336322]
 [ 1.6180528 -2.2397032]] [0 1 0 0 0 0 0 0]
[[ 3.488576  -3.6254716]
 [ 3.5481687 -3.629219 ]
 [ 3.5629573 -3.6165023]
 [ 3.5223408 -3.63247  ]
 [ 3.5531297 -3.6291475]
 [-2.0344098  2.2427437]
 [ 3.5316424 -3.6357963]
 [ 3.515061  -3.630306 ]] [0 0 0 0 0 1 0 0]
[[ 2.3307922 -2.773132 ]
 [ 3.5401433 -3.6328247]
 [ 3.5105035 -3.62124  ]
 [ 3.4684021 -3.610003 ]
 [ 2.4067638 -2.829183 ]
 [ 3.3011327 -3.508422 ]
 [ 3.5276423 -3.6339235]
 [ 3.4763758 -3.6154356]] [0 0 0 0 0 0 0 0]
[[ 3.551739  -3.6312768]
 [ 2.734226  -3.071735 ]
 [ 3.5432909 -3.6331687]
 [ 1.4257067 -2.099322 ]
 [ 3.461361  -3.6048105]
 [ 2.9385266 -3.237834 ]
 [ 3.4400377 -3.5990477]
 [ 3.500958  -3.6295989]] [0 0 0 0 0 0 0 0]
[[ 3.4921627 -3.6227407]
 [ 3.5087345 -3.6281219]
 [-2.9465427  3.2859936]
 [ 3.5498395 -3.629435 ]
 [ 3.5315404 -3.6344135]
 [ 3.4865077 -3.6213737]
 [ 3.5556905 -3.6288986]
 [ 3.518942  -3.6272972]] [0 0 1 0 0 0 0 0]
[[ 3.5078714 -3.6273954]
 [ 3.537921  -3.6325169]
 [ 3.3267264 -3.524394 ]
 [-1.3428037  1.2130954]
 [-3.3467329  3.5119176]
 [ 3.5079725 -3.6291766]
 [ 3.1106381 -3.371912 ]
 [-2.1276383  2.267891 ]] [0 0 0 0 1 0 0 0]
[[ 3.5437906 -3.6316085]
 [ 3.5240765 -3.6333566]
 [ 3.5022357 -3.6289084]
 [ 3.5444632 -3.6334453]
 [ 3.2173638 -3.4538848]
 [ 3.5384328 -3.6358218]
 [ 3.5548058 -3.6283522]
 [ 3.3216817 -3.514798 ]] [0 0 0 0 0 0 0 0]
[[-1.7930714  1.8931508]
 [-2.6408622  2.927209 ]
 [ 3.5352075 -3.636704 ]
 [ 3.5510945 -3.6278803]
 [ 3.5444179 -3.6321943]
 [ 3.3107567 -3.5115836]
 [ 3.3786566 -3.5620594]
 [ 3.0938811 -3.3543653]] [0 1 0 0 0 0 0 0]
[[ 3.534493  -3.63389  ]
 [-2.061897   2.2350824]
 [ 3.1599846 -3.4003265]
 [ 2.5318806 -2.9206488]
 [ 2.2518294 -2.7078474]
 [ 3.5013137 -3.6337874]
 [ 3.5026824 -3.624055 ]
 [ 3.475159  -3.6172085]] [0 1 0 0 0 0 0 0]
[[ 3.4149623 -3.5709984]
 [ 3.4416335 -3.59457  ]
 [ 3.4323616 -3.5890582]
 [ 3.54437   -3.6311054]
 [ 3.5106385 -3.6247892]
 [-2.843794   3.3867984]
 [ 3.473246  -3.6094863]
 [ 3.222053  -3.449452 ]] [0 0 0 0 0 0 0 0]
[[ 3.4777164  -3.612088  ]
 [ 3.5472057  -3.6310272 ]
 [ 0.64639324 -1.4452587 ]
 [ 2.845117   -3.1691024 ]
 [ 3.186481   -3.431047  ]
 [ 3.4649167  -3.6063917 ]
 [ 3.4947834  -3.620054  ]
 [ 3.4888535  -3.6209173 ]] [0 0 0 0 0 0 0 0]
[[ 3.5111544 -3.6333396]
 [ 3.5427773 -3.631795 ]
 [ 3.5575192 -3.6266446]
 [ 3.3748534 -3.5545194]
 [ 2.6083684 -2.989444 ]
 [ 1.8803809 -2.417412 ]
 [ 3.44878   -3.6000552]
 [-2.6214223  2.8277042]] [0 0 0 0 0 0 0 1]
[[ 3.1550684 -3.401017 ]
 [ 3.540319  -3.635228 ]
 [ 3.4815724 -3.6200266]
 [ 3.441306  -3.5974727]
 [ 3.5204399 -3.6298153]
 [ 3.5593214 -3.6266682]
 [ 3.5414715 -3.6328278]
 [ 1.332529  -1.9919938]] [0 0 0 0 0 0 0 0]
[[-1.0962929  0.658141 ]
 [ 3.5535836 -3.6313064]
 [ 3.1920366 -3.429897 ]
 [-2.057261   2.2451084]
 [-1.4781162  1.427275 ]
 [ 3.4794478 -3.613896 ]
 [ 2.0702114 -2.5773478]
 [-1.9981633  2.0856879]] [1 0 0 0 1 0 0 0]
[[ 3.3690717 -3.5535243]
 [ 3.423676  -3.5918124]
 [ 3.5398076 -3.6298862]
 [ 3.1765573 -3.4124959]
 [ 3.1869116 -3.4312787]
 [ 3.4811587 -3.6155183]
 [ 2.4513917 -2.8744333]
 [ 3.5293632 -3.631257 ]] [0 0 0 0 0 0 0 0]
[[ 3.1980183 -3.4338956]
 [ 2.7843025 -3.1058726]
 [ 3.4995162 -3.6235743]
 [ 3.5334194 -3.6352575]
 [ 3.5508544 -3.6312747]
 [ 1.1573527 -1.8875161]
 [ 3.4149973 -3.5810432]
 [ 2.4897628 -2.8994517]] [0 0 0 0 0 0 0 0]
[[ 3.483776   -3.6157515 ]
 [ 3.516471   -3.6276865 ]
 [ 0.03163961 -0.8293929 ]
 [ 3.4191906  -3.5818348 ]
 [ 3.5325737  -3.6338096 ]
 [ 3.2841842  -3.4957397 ]
 [ 3.5281272  -3.6319695 ]
 [ 3.454811   -3.6033561 ]] [0 0 0 0 0 0 0 0]
[[ 3.2775464  -3.4837198 ]
 [ 1.0785841  -1.8348861 ]
 [ 3.4195814  -3.58463   ]
 [ 3.458414   -3.608883  ]
 [ 3.519396   -3.6314285 ]
 [-0.25454894 -0.46177948]
 [ 3.5022767  -3.6264927 ]
 [ 3.5202289  -3.633842  ]] [0 0 0 0 0 0 0 0]
[[ 3.0872595  -3.3426702 ]
 [ 0.98817474 -1.7515416 ]
 [ 3.4645667  -3.6120725 ]
 [ 3.5129573  -3.6271336 ]
 [ 2.855196   -3.1636803 ]
 [ 2.1175537  -2.6097212 ]
 [ 1.6360227  -2.2377336 ]
 [ 3.415978   -3.583575  ]] [0 0 0 0 0 0 0 0]
[[ 3.4939275 -3.6224613]
 [ 2.398124  -2.8194041]
 [ 3.5010567 -3.6260405]
 [-2.7733784  3.1519883]
 [ 3.53812   -3.6343153]
 [ 3.540178  -3.6323419]
 [ 1.3848763 -2.0447915]
 [ 1.800624  -2.3620381]] [0 0 0 0 0 0 1 1]
[[ 3.4637334  -3.6043134 ]
 [ 3.5582435  -3.626826  ]
 [ 3.54661    -3.634048  ]
 [ 3.52806    -3.6291533 ]
 [ 3.3650398  -3.554522  ]
 [ 3.5130239  -3.6307693 ]
 [-1.0632021   0.56796926]
 [-3.3502557   3.4867003 ]] [0 0 0 0 0 0 0 1]
[[ 3.2135057 -3.445131 ]
 [ 3.4761744 -3.6160712]
 [ 3.4090462 -3.5798821]
 [ 3.5336077 -3.6344044]
 [ 3.4956737 -3.620493 ]
 [ 3.541718  -3.6331801]
 [ 1.0273303 -1.7647611]
 [ 3.5440795 -3.6357124]] [0 0 0 0 0 0 0 0]
[[ 3.5562944 -3.630991 ]
 [ 3.4556334 -3.610094 ]
 [ 3.5000198 -3.6284363]
 [ 3.425367  -3.5878265]
 [ 3.4408388 -3.5980136]
 [ 3.545133  -3.6319327]
 [ 3.525542  -3.6331832]
 [ 3.3213878 -3.5262487]] [0 0 0 0 0 0 0 0]
[[ 1.3883357  -2.0638812 ]
 [ 3.4339075  -3.5919142 ]
 [ 3.29795    -3.4971752 ]
 [ 2.729314   -3.08357   ]
 [ 1.4799291  -2.133938  ]
 [ 3.5193214  -3.6284342 ]
 [ 3.1132796  -3.3678572 ]
 [-0.4026066  -0.32586154]] [0 0 0 0 1 0 0 1]
[[ 3.503211   -3.6225486 ]
 [ 3.445163   -3.601706  ]
 [ 2.4797337  -2.8752027 ]
 [-1.2278637   0.92966604]
 [ 3.1340039  -3.3809433 ]
 [ 3.2176983  -3.446367  ]
 [ 3.4600708  -3.6090887 ]
 [ 3.476063   -3.6089191 ]] [0 0 0 0 0 0 0 0]
[[ 3.3206468 -3.5194154]
 [ 3.533839  -3.6322372]
 [ 3.53255   -3.6323466]
 [ 3.3419456 -3.5310843]
 [ 1.9865301 -2.4976115]
 [ 3.534015  -3.6322618]
 [ 3.481247  -3.6176534]
 [ 3.435368  -3.5949109]] [0 0 0 0 0 0 0 0]
[[ 2.308156  -2.7528596]
 [ 3.3720565 -3.555205 ]
 [ 3.3406444 -3.5308073]
 [ 1.009536  -1.7369217]
 [ 2.570963  -2.9524493]
 [ 2.8310773 -3.161247 ]
 [-2.0150568  2.2556531]
 [ 1.0241121 -1.7525576]] [0 0 0 1 0 0 0 0]
[[ 3.5580182  -3.6270742 ]
 [ 3.5002337  -3.627025  ]
 [ 3.487276   -3.619361  ]
 [ 0.58488345 -1.3910242 ]
 [ 2.9447863  -3.2345667 ]
 [ 3.5543213  -3.6298623 ]
 [ 3.517335   -3.6256118 ]
 [ 2.336135   -2.7794576 ]] [0 0 0 0 0 0 0 0]
[[ 3.5039508 -3.628892 ]
 [-1.484655   1.4314796]
 [ 3.4874485 -3.6177611]
 [ 3.431657  -3.588169 ]
 [-1.8927957  2.0235682]
 [ 3.5468185 -3.632591 ]
 [ 3.459045  -3.6084266]
 [ 3.5244968 -3.6298394]] [0 0 0 0 0 0 0 0]
[[ 3.5171657 -3.6305149]
 [ 3.4656944 -3.6142292]
 [ 3.5084343 -3.6311226]
 [ 3.4854958 -3.619982 ]
 [ 3.170427  -3.4161458]
 [ 1.5815706 -2.1978927]
 [-3.35575    3.4971352]
 [-1.5785488  1.6217264]] [0 0 0 0 0 0 0 0]
[[-1.2976732   0.96598834]
 [ 3.5399888  -3.6333718 ]
 [ 3.517383   -3.6252346 ]
 [-3.3311071   3.4536607 ]
 [ 3.519428   -3.6366684 ]
 [ 3.528563   -3.6349006 ]
 [ 3.504683   -3.6259813 ]
 [ 2.7274437  -3.0671055 ]] [0 0 0 1 0 0 0 0]
[[-1.4765295  1.453673 ]
 [-1.397711   1.3101721]
 [-1.6178334  1.6763995]
 [ 3.5239458 -3.6329012]
 [ 3.5338569 -3.6318858]
 [ 3.4537947 -3.60792  ]
 [ 3.356842  -3.5422318]
 [ 3.262456  -3.484125 ]] [0 0 0 0 0 0 0 0]
[[ 3.4495966 -3.6041906]
 [ 3.4820333 -3.619174 ]
 [ 3.04134   -3.315468 ]
 [ 3.4110255 -3.581061 ]
 [ 3.1506846 -3.3937302]
 [ 3.429524  -3.59541  ]
 [ 3.423417  -3.5813215]
 [ 3.5132334 -3.632777 ]] [0 0 0 0 0 0 0 0]
[[ 3.2733052 -3.4808123]
 [ 3.4585953 -3.6059997]
 [ 3.4776125 -3.6120055]
 [ 3.4380438 -3.5910468]
 [ 3.148496  -3.3996832]
 [ 3.4903896 -3.6199   ]
 [ 3.4918535 -3.6259403]
 [-1.3589079  1.1778456]] [0 0 0 0 0 0 0 0]
[[ 3.5035465 -3.625941 ]
 [ 3.5345392 -3.6339898]
 [ 3.1981537 -3.4220338]
 [ 3.3452578 -3.5360384]
 [ 3.4971173 -3.6216774]
 [ 3.553874  -3.63025  ]
 [ 3.5242426 -3.629519 ]
 [ 3.3370051 -3.5279284]] [0 0 0 0 0 0 0 0]
[[ 3.4959693 -3.6280844]
 [ 3.508743  -3.6332402]
 [ 3.5171735 -3.632961 ]
 [ 3.1274104 -3.375298 ]
 [ 1.6940973 -2.2796338]
 [ 3.5326853 -3.629964 ]
 [ 3.5531797 -3.6291912]
 [ 3.418624  -3.5860565]] [0 0 0 0 0 0 0 0]
[[-1.4325467  1.3776003]
 [ 3.5242026 -3.6305122]
 [ 3.4971938 -3.6231072]
 [ 3.4238582 -3.585864 ]
 [ 3.4711945 -3.608203 ]
 [ 1.2432829 -1.990239 ]
 [ 3.5032141 -3.6229792]
 [ 3.5136821 -3.6300807]] [1 0 0 0 0 1 0 0]
[[ 3.423931  -3.5845199]
 [-1.0139526  0.5300606]
 [ 3.4980516 -3.6246092]
 [ 3.536961  -3.6336021]
 [ 3.499351  -3.6235356]
 [ 3.029384  -3.3111906]
 [ 3.5562289 -3.625867 ]
 [ 3.5152872 -3.6300282]] [0 0 0 0 0 0 0 0]
[[-3.2641459  3.404967 ]
 [ 2.9641488 -3.2526693]
 [ 3.5310335 -3.6321156]
 [ 3.3820531 -3.5528061]
 [ 3.4446652 -3.5957806]
 [ 3.5477967 -3.6303759]
 [ 3.4308987 -3.5881464]
 [ 3.5059443 -3.624718 ]] [1 0 0 0 0 0 0 0]
[[-1.896371   2.0400295]
 [ 3.5414104 -3.6302292]
 [ 3.5134861 -3.6336389]
 [ 2.1099017 -2.5916536]
 [ 3.2001717 -3.4360325]
 [ 3.5012698 -3.628353 ]
 [ 3.4355474 -3.5888836]
 [ 2.8725448 -3.18646  ]] [0 0 0 0 0 0 0 0]
[[ 1.1982183 -1.9040681]
 [ 3.5557835 -3.6303167]
 [ 3.4620445 -3.6094906]
 [ 3.426549  -3.591504 ]
 [-3.3332279  3.4927619]
 [ 3.477184  -3.6206079]
 [ 2.257202  -2.7116795]
 [ 3.4405203 -3.5994563]] [1 0 0 0 1 0 0 0]
[[ 3.540307   -3.6293144 ]
 [ 0.37951103 -1.187948  ]
 [ 3.5508404  -3.631426  ]
 [ 1.4189806  -2.0849745 ]
 [ 3.3249097  -3.521453  ]
 [ 3.4163022  -3.581554  ]
 [ 3.4353101  -3.5947213 ]
 [ 2.4375496  -2.852452  ]] [0 0 0 0 0 0 0 0]
[[-2.6864936  2.8824747]
 [ 3.2285619 -3.4534206]
 [ 3.520725  -3.6317148]
 [ 3.5257516 -3.632824 ]
 [ 3.4935539 -3.617269 ]
 [ 3.3614502 -3.547475 ]
 [ 3.3150017 -3.5197446]
 [-1.9830134  2.068614 ]] [0 0 0 0 0 0 0 0]
[[ 3.3555138 -3.5436542]
 [ 3.5177526 -3.625145 ]
 [ 3.550935  -3.6276832]
 [ 3.4559577 -3.6066577]
 [ 3.5296638 -3.6320612]
 [ 3.2226794 -3.4513285]
 [ 3.3744366 -3.559841 ]
 [ 3.387271  -3.5636668]] [0 0 0 0 0 0 0 0]
[[-2.407758    2.678322  ]
 [ 3.4901643  -3.6202211 ]
 [ 3.5290234  -3.6339903 ]
 [ 3.5550537  -3.6266174 ]
 [ 3.5512583  -3.6316664 ]
 [ 0.30420923 -1.0956999 ]
 [ 2.2405517  -2.6905768 ]
 [ 2.4314094  -2.8388095 ]] [1 0 0 0 0 0 0 0]
[[ 3.4820323 -3.6206968]
 [ 3.528172  -3.6347086]
 [ 1.7714902 -2.3494875]
 [ 3.5185275 -3.6272407]
 [ 3.405767  -3.5843813]
 [ 3.5562687 -3.6286044]
 [ 3.5465124 -3.6347451]
 [ 3.5084467 -3.6309762]] [0 0 0 0 0 0 0 0]
[[ 2.943282  -3.2368786]
 [ 3.4666817 -3.6089046]
 [ 3.42616   -3.5881886]
 [ 3.533719  -3.6321185]
 [ 3.554096  -3.6310873]
 [ 3.5150173 -3.6279025]
 [ 3.5306447 -3.6343737]
 [ 3.3071637 -3.5057936]] [0 0 0 0 0 0 0 0]
[[ 1.9407017 -2.4649773]
 [ 2.375052  -2.8003507]
 [ 3.5061104 -3.6247485]
 [ 3.5374856 -3.62945  ]
 [ 3.4765718 -3.6181135]
 [ 3.5136511 -3.628515 ]
 [ 2.4297497 -2.8464837]
 [ 3.47322   -3.613155 ]] [0 0 0 0 0 0 0 0]
[[ 3.1595175  -3.39895   ]
 [ 3.423967   -3.5835593 ]
 [ 3.3487866  -3.536243  ]
 [ 3.5081444  -3.6319914 ]
 [ 3.5067844  -3.6268399 ]
 [ 3.4292965  -3.5824056 ]
 [ 3.5598183  -3.6236572 ]
 [ 0.85220504 -1.6326132 ]] [0 0 0 0 0 0 0 0]
[[ 3.246699  -3.467754 ]
 [ 3.5197759 -3.6332765]
 [-2.896244   3.3273466]
 [ 1.8903815 -2.4264429]
 [-3.3448174  3.4797487]
 [ 0.4232236 -1.226733 ]
 [ 2.0531995 -2.540492 ]
 [ 2.8466275 -3.1561105]] [0 0 0 0 1 0 0 0]
[[ 2.6057448 -2.9801016]
 [ 1.6334547 -2.2382867]
 [ 3.4740381 -3.6136706]
 [ 3.0570529 -3.3299959]
 [ 3.4887152 -3.626114 ]
 [ 3.4541378 -3.607512 ]
 [ 3.354609  -3.542922 ]
 [ 3.5419035 -3.6358879]] [0 0 0 0 0 0 0 0]
[[ 3.3061054  -3.512131  ]
 [ 3.5040536  -3.6284359 ]
 [-0.6052642  -0.10917006]
 [ 3.5291939  -3.629082  ]
 [ 0.91279715 -1.6911188 ]
 [ 3.4356291  -3.591912  ]
 [ 3.451028   -3.5997531 ]
 [ 3.352825   -3.5524478 ]] [0 0 0 0 0 0 0 0]
[[ 3.4437556 -3.5969028]
 [ 3.1424804 -3.3866248]
 [ 3.4148796 -3.578587 ]
 [ 2.4954312 -2.888556 ]
 [ 3.3044324 -3.5109928]
 [ 3.500295  -3.6226304]
 [ 2.5033743 -2.8954945]
 [ 3.5450106 -3.6314492]] [0 0 0 0 0 0 0 0]
[[-3.121538    3.3376465 ]
 [-1.1281914   0.7970942 ]
 [-2.0384014   2.1995184 ]
 [ 3.5386446  -3.6297371 ]
 [ 3.4762306  -3.6161494 ]
 [ 3.550358   -3.6263413 ]
 [ 3.4172482  -3.5839648 ]
 [-0.6987589   0.01055546]] [0 0 1 0 0 0 0 1]
[[ 3.2445183  -3.4596267 ]
 [ 3.373563   -3.5589378 ]
 [-1.1689675   0.89572924]
 [ 3.2153032  -3.4429183 ]
 [ 3.4284647  -3.5944338 ]
 [-2.8778827   3.3115196 ]
 [ 2.5723388  -2.9529111 ]
 [ 3.4299285  -3.5852413 ]] [0 0 0 0 0 1 0 0]
[[ 3.5106673 -3.6277747]
 [ 3.13993   -3.3846185]
 [ 2.2431571 -2.706338 ]
 [ 3.524635  -3.6334252]
 [ 2.6956415 -3.0480037]
 [ 3.2978354 -3.5011826]
 [ 3.4603693 -3.604975 ]
 [ 3.5174077 -3.637831 ]] [0 0 0 0 0 0 0 0]
[[ 3.481679  -3.6137915]
 [ 3.5295148 -3.6318002]
 [ 3.5061698 -3.6234946]
 [-1.433309   1.3365571]
 [ 3.4123366 -3.5850835]
 [ 3.4318898 -3.595859 ]
 [ 3.4937704 -3.623697 ]
 [ 3.5275605 -3.6344156]] [0 0 0 0 0 0 0 0]
[[ 3.5588906 -3.628558 ]
 [ 2.7620318 -3.1105428]
 [ 3.376568  -3.552829 ]
 [-2.7202904  3.08987  ]
 [ 3.2041836 -3.435163 ]
 [ 3.4512541 -3.6025639]
 [ 3.5156696 -3.6304717]
 [ 3.5570247 -3.6262531]] [0 0 0 1 0 0 0 0]
[[ 3.499967   -3.6240005 ]
 [ 3.4807327  -3.6194456 ]
 [ 3.5513484  -3.628237  ]
 [-3.3116972   3.475008  ]
 [ 0.88096994 -1.652776  ]
 [ 3.5280027  -3.631111  ]
 [ 2.4289958  -2.8529415 ]
 [ 3.5602689  -3.6246161 ]] [0 0 0 1 0 0 0 0]
[[ 2.5573843 -2.942854 ]
 [ 3.511763  -3.6335945]
 [ 3.4475927 -3.6003847]
 [ 3.5094507 -3.6296139]
 [ 3.5389469 -3.6315908]
 [ 3.5514205 -3.6276786]
 [-2.8560517  3.054428 ]
 [ 3.4518466 -3.6031003]] [0 0 0 0 0 0 0 0]
[[ 1.4038298 -2.0725422]
 [ 1.7837908 -2.3569164]
 [ 3.5514693 -3.6313634]
 [ 3.333546  -3.5264635]
 [ 3.5109081 -3.6243362]
 [ 3.512542  -3.6224651]
 [ 3.4852462 -3.6236734]
 [ 3.3600194 -3.539813 ]] [0 0 0 0 0 0 0 0]
[[ 3.5114748 -3.632614 ]
 [ 3.1531649 -3.3972118]
 [ 3.5396502 -3.6320868]
 [ 3.5337021 -3.6347473]
 [ 3.5084283 -3.6281457]
 [ 3.4266765 -3.5837219]
 [ 3.56188   -3.6220791]
 [ 3.5204287 -3.629784 ]] [0 0 0 0 0 0 0 0]
[[ 3.3404896 -3.533373 ]
 [ 3.0037622 -3.283484 ]
 [ 3.5365567 -3.6339242]
 [ 3.4836538 -3.6188226]
 [ 3.435738  -3.5970843]
 [ 3.5333505 -3.6331758]
 [ 3.5296674 -3.633855 ]
 [ 3.5303018 -3.6341307]] [0 0 0 0 0 0 0 0]
[[ 3.5357456 -3.6364985]
 [ 3.4921293 -3.6190145]
 [ 3.527927  -3.6331365]
 [ 3.5229857 -3.6320572]
 [ 3.4805202 -3.6209395]
 [ 3.450685  -3.6024501]
 [ 3.5304673 -3.6321442]
 [ 3.514639  -3.630098 ]] [0 0 0 0 0 0 0 0]
[[ 3.4973772 -3.6265683]
 [ 2.6022334 -2.9670627]
 [ 3.515853  -3.6251478]
 [ 3.544274  -3.6346526]
 [ 3.556978  -3.6278925]
 [ 3.523843  -3.6343243]
 [ 3.5275881 -3.6349049]
 [ 3.4224782 -3.5845866]] [0 0 0 0 0 0 0 0]
[[-3.3421183  3.4796023]
 [ 3.3803616 -3.5601206]
 [ 3.4941058 -3.6239793]
 [-1.5093005  1.4879266]
 [ 2.8004494 -3.135944 ]
 [ 1.4433144 -2.0916553]
 [ 3.201611  -3.4393365]
 [ 3.5448904 -3.629833 ]] [0 0 0 0 0 1 0 0]
[[ 3.4563427 -3.6016684]
 [ 0.6884107 -1.4608024]
 [ 3.419245  -3.5858772]
 [ 3.5525997 -3.6276739]
 [ 3.5119376 -3.624619 ]
 [ 3.4798734 -3.6187751]
 [ 3.4245806 -3.5833383]
 [ 3.5174456 -3.6336038]] [0 0 0 0 0 0 0 0]
[[-2.9859757   3.421298  ]
 [-0.34032118 -0.3980741 ]
 [ 3.460332   -3.603145  ]
 [ 2.8346055  -3.1605117 ]
 [ 3.1379428  -3.3905408 ]
 [ 1.8486608  -2.4040916 ]
 [ 3.5216615  -3.6310318 ]
 [ 3.4210796  -3.5835407 ]] [0 0 0 0 0 0 0 0]
[[ 3.4465733 -3.5991254]
 [ 3.5070636 -3.630903 ]
 [ 3.381018  -3.5615907]
 [ 3.533008  -3.635716 ]
 [ 2.3813305 -2.8072436]
 [ 3.3761818 -3.5586593]
 [ 3.5264158 -3.6359167]
 [ 3.4635046 -3.6057568]] [0 0 0 0 0 0 0 0]
[[ 3.4888     -3.6186275 ]
 [ 3.48736    -3.6198995 ]
 [-0.13874686 -0.57993317]
 [-3.3604183   3.4661024 ]
 [ 3.3086033  -3.514935  ]
 [ 2.0160856  -2.526975  ]
 [ 3.5365899  -3.6316164 ]
 [ 3.4799836  -3.6175892 ]] [0 0 0 1 0 0 0 0]
[[ 3.5148895 -3.6342914]
 [ 3.4778306 -3.6146572]
 [ 3.279731  -3.4895468]
 [ 1.3030595 -1.9957535]
 [ 2.5878806 -2.9575949]
 [ 2.4465933 -2.8575923]
 [ 3.5159972 -3.6272776]
 [-1.5326198  1.5164586]] [0 0 0 0 0 0 0 0]
[[ 1.7949414  -2.3626552 ]
 [-1.1101621   0.65729284]
 [ 1.5881231  -2.2168348 ]
 [ 2.1962073  -2.6605618 ]
 [ 3.4788716  -3.6128566 ]
 [ 3.4062643  -3.5783582 ]
 [ 3.5400147  -3.6316712 ]
 [ 2.648086   -3.004622  ]] [0 1 0 0 0 0 0 0]
[[ 2.5191262 -2.9263282]
 [ 3.5024056 -3.625846 ]
 [-2.8930352  3.294272 ]
 [ 3.5148556 -3.6294014]
 [-2.8391697  3.0542443]
 [ 2.9126456 -3.216863 ]
 [ 3.47869   -3.615991 ]
 [ 3.4893482 -3.6243944]] [0 0 1 0 0 0 0 0]
[[ 3.5332363 -3.6353073]
 [ 2.8275592 -3.1479697]
 [ 3.371316  -3.5526824]
 [-2.458333   2.7747023]
 [ 3.5336967 -3.6387997]
 [ 2.4444165 -2.8512795]
 [ 3.5130625 -3.6340034]
 [ 3.4743695 -3.6124172]] [0 0 0 0 0 0 0 0]
[[ 3.186608  -3.4176836]
 [ 3.4301238 -3.5895858]
 [ 3.5044603 -3.6291876]
 [ 3.125391  -3.3771052]
 [-3.3564422  3.4918265]
 [ 3.5089953 -3.6294076]
 [ 3.1790879 -3.4156847]
 [ 3.4962857 -3.6246583]] [0 0 0 0 1 0 0 0]
[[ 3.0541413 -3.3152697]
 [ 2.572192  -2.9529696]
 [ 3.478936  -3.613468 ]
 [ 3.2488415 -3.4735725]
 [ 3.5639677 -3.6180923]
 [-1.8256582  1.9781381]
 [ 3.515322  -3.6309013]
 [ 3.455801  -3.601045 ]] [0 0 0 0 0 1 0 0]
[[ 3.4604487 -3.6096716]
 [ 3.4299862 -3.5924234]
 [ 3.3529646 -3.540921 ]
 [ 2.9308107 -3.22938  ]
 [ 3.3904088 -3.570994 ]
 [ 3.5418906 -3.632666 ]
 [ 3.044297  -3.318083 ]
 [ 3.4920769 -3.624474 ]] [0 0 0 0 0 0 0 0]
[[ 3.5490613 -3.6299682]
 [ 3.5309725 -3.632051 ]
 [ 3.1109293 -3.364362 ]
 [ 2.6824799 -3.0350862]
 [ 3.5581775 -3.6263614]
 [ 1.4218767 -2.0806954]
 [ 3.5080774 -3.632402 ]
 [-2.4919558  2.9646282]] [0 0 0 0 0 0 0 0]
[[ 3.423972  -3.5879917]
 [ 3.1926177 -3.431228 ]
 [ 2.8884203 -3.1991878]
 [ 3.4796286 -3.614745 ]
 [ 3.4687495 -3.6138377]
 [ 3.4243608 -3.5903096]
 [-3.3437219  3.4607563]
 [ 3.3208745 -3.5203135]] [0 0 0 0 0 0 1 0]
[[ 3.4830375 -3.6209044]
 [ 3.3610466 -3.5445168]
 [ 3.5423033 -3.6307468]
 [ 3.4451203 -3.5977592]
 [ 3.559523  -3.6223366]
 [ 3.5248063 -3.629481 ]
 [ 3.5084891 -3.626968 ]
 [ 3.5463912 -3.633241 ]] [0 0 0 0 0 0 0 0]
[[ 2.0889401 -2.5970845]
 [ 2.861324  -3.1790495]
 [ 3.51607   -3.6324868]
 [ 3.3451264 -3.5364523]
 [ 3.0941544 -3.3510048]
 [ 3.4877214 -3.621419 ]
 [ 3.438155  -3.5984604]
 [ 3.524343  -3.6325774]] [0 0 0 0 0 0 0 0]
[[ 3.261946  -3.4745855]
 [ 3.5087981 -3.6256447]
 [ 3.5320592 -3.6365561]
 [ 2.7969136 -3.126255 ]
 [ 3.3328848 -3.5290298]
 [ 3.5072107 -3.6273506]
 [-1.6531032  1.6599298]
 [ 3.4181266 -3.5850453]] [0 0 0 0 0 0 0 0]
[[ 3.5166643 -3.6320927]
 [ 1.3038169 -2.0191102]
 [ 3.540163  -3.6356041]
 [ 3.4310389 -3.5930037]
 [ 3.4792073 -3.617732 ]
 [ 3.539194  -3.6337774]
 [ 1.9643533 -2.485205 ]
 [ 2.3445163 -2.7744577]] [0 1 0 0 0 0 0 0]
[[ 3.5543315 -3.6332061]
 [ 3.3222044 -3.5219522]
 [ 3.4831762 -3.6143482]
 [ 3.3644588 -3.5498807]
 [ 3.4048645 -3.5823987]
 [ 2.9152145 -3.2227535]
 [ 3.5240505 -3.6327438]
 [ 2.312105  -2.7595901]] [0 0 0 0 0 0 0 0]
[[ 3.4976175 -3.6220946]
 [ 1.8035126 -2.3875868]
 [ 3.5085354 -3.625904 ]
 [ 3.4898965 -3.6206453]
 [ 3.4174328 -3.586442 ]
 [ 1.9110751 -2.4538555]
 [-3.1577141  3.4120133]
 [ 3.5371144 -3.6306648]] [0 0 0 0 0 0 1 0]
[[ 3.5292647 -3.6345935]
 [ 3.0963123 -3.3511584]
 [ 3.3606865 -3.548687 ]
 [ 2.9901154 -3.278263 ]
 [ 3.3553624 -3.5420394]
 [ 3.4716458 -3.6071625]
 [ 3.5149004 -3.6323931]
 [ 3.4716039 -3.6111224]] [0 0 0 0 0 0 0 0]
[[ 2.1455634 -2.621938 ]
 [ 3.4799058 -3.6127608]
 [ 3.4487839 -3.6054451]
 [ 3.5184333 -3.6299894]
 [ 3.558413  -3.6290648]
 [ 3.5395179 -3.630556 ]
 [ 1.6937538 -2.288757 ]
 [ 3.4813073 -3.6171455]] [0 0 0 0 0 0 0 0]
[[ 3.5213857 -3.6293094]
 [-1.5027393  1.4812695]
 [ 3.5263097 -3.6322315]
 [ 2.5833063 -2.9736602]
 [-3.1534507  3.394811 ]
 [ 3.4387934 -3.5929036]
 [ 3.2157285 -3.4403486]
 [ 3.5336285 -3.635491 ]] [0 0 0 0 0 0 0 0]
[[ 3.5282054 -3.6318896]
 [ 3.5639458 -3.6176429]
 [ 2.228608  -2.6809752]
 [ 3.4723399 -3.6131113]
 [ 1.5071093 -2.1425264]
 [ 1.503904  -2.1271358]
 [ 3.4236608 -3.5885253]
 [ 3.4813297 -3.6191485]] [0 0 0 0 1 0 0 0]
[[ 2.7973619 -3.1160092]
 [ 3.2770178 -3.4857333]
 [ 3.4614813 -3.602749 ]
 [ 3.404236  -3.5772598]
 [ 3.508733  -3.6316397]
 [ 2.8633914 -3.1672702]
 [ 3.2800474 -3.489715 ]
 [ 3.0789998 -3.3445928]] [0 0 0 0 0 0 0 0]
[[ 1.3878976 -2.0476162]
 [ 3.3927236 -3.5644145]
 [ 1.8120002 -2.354361 ]
 [ 3.420732  -3.5790718]
 [ 3.5566049 -3.62969  ]
 [ 2.8987231 -3.2014418]
 [ 3.5393238 -3.6297922]
 [ 1.426854  -2.0949125]] [1 0 1 0 0 0 0 0]
[[ 3.561587  -3.624301 ]
 [ 3.5066903 -3.6276426]
 [ 3.5030923 -3.6301777]
 [ 3.5664017 -3.6142316]
 [ 1.4838521 -2.123045 ]
 [ 3.184653  -3.4180834]
 [-3.3544073  3.4963057]
 [ 3.3073394 -3.5060081]] [0 0 0 0 0 0 1 0]
[[ 3.528014  -3.632858 ]
 [ 3.4749417 -3.6073453]
 [ 3.5475476 -3.6314392]
 [ 3.1168137 -3.3757796]
 [ 3.3903973 -3.5698175]
 [-2.8602345  3.234632 ]
 [ 3.5107765 -3.6309474]
 [ 2.0361953 -2.528558 ]] [0 0 0 0 0 1 0 0]
[[-1.2838453  1.0173849]
 [ 3.5454721 -3.6346068]
 [ 3.547479  -3.6332135]
 [-1.0337296  0.5444542]
 [ 3.21034   -3.445855 ]
 [ 2.7661748 -3.1046572]
 [ 3.525211  -3.630898 ]
 [ 1.099765  -1.8600732]] [0 0 0 1 0 0 0 0]
[[ 0.35771844 -1.1417576 ]
 [-3.3164861   3.453887  ]
 [ 3.2449095  -3.4643312 ]
 [-3.3168645   3.4655297 ]
 [ 3.4872684  -3.6201065 ]
 [ 3.4446738  -3.5962465 ]
 [ 3.5080676  -3.6269858 ]
 [ 3.528474   -3.6350312 ]] [0 1 0 0 0 0 0 0]
[[ 3.5399563 -3.6339123]
 [ 3.469871  -3.6135323]
 [ 2.4688892 -2.8668406]
 [ 3.1395977 -3.3825037]
 [ 3.544274  -3.6346526]
 [ 2.7468848 -3.0833178]
 [ 3.5548503 -3.6260915]
 [-2.497477   2.9689274]] [0 0 0 0 0 0 0 0]
[[ 3.5213304 -3.6304271]
 [ 3.5491703 -3.6326933]
 [-1.5065055  1.477243 ]
 [ 1.9405218 -2.4769163]
 [ 3.5503862 -3.631145 ]
 [ 3.129092  -3.3784056]
 [ 3.5309064 -3.6313703]
 [ 3.4415956 -3.5973587]] [0 0 0 0 0 0 0 0]
[[ 3.301491  -3.5052671]
 [-3.3288136  3.4179904]
 [-2.2409546  2.4723957]
 [ 2.8242688 -3.1458108]
 [ 2.0192692 -2.5268886]
 [ 3.4814553 -3.6180458]
 [ 3.527635  -3.6324694]
 [ 3.452738  -3.6040845]] [0 1 1 0 0 0 0 0]
[[ 3.5005481 -3.6246436]
 [ 3.2965982 -3.5035605]
 [-2.5545592  2.971621 ]
 [ 2.851631  -3.1716626]
 [ 3.5294292 -3.6270554]
 [ 1.8648926 -2.4172268]
 [ 3.5596368 -3.6291783]
 [ 3.539594  -3.634126 ]] [0 0 1 0 0 0 0 0]
[[ 1.3148713 -1.98848  ]
 [ 3.551959  -3.6297932]
 [ 3.0592852 -3.333697 ]
 [ 3.513506  -3.6279776]
 [ 3.4992537 -3.626233 ]
 [ 3.4593685 -3.6066337]
 [ 3.3287914 -3.518981 ]
 [ 3.5424213 -3.631663 ]] [0 0 0 0 0 0 0 0]
[[ 3.374612  -3.561328 ]
 [-3.3422227  3.461174 ]
 [ 3.5208516 -3.6296985]
 [ 3.2922676 -3.499792 ]
 [ 2.1889286 -2.657665 ]
 [ 3.4707363 -3.6070645]
 [ 2.7604344 -3.0988233]
 [-1.3791572  1.322684 ]] [0 1 0 0 0 0 0 0]
[[-3.3362532  3.4980345]
 [ 3.4704154 -3.6101344]
 [ 3.538689  -3.6308737]
 [ 3.5543323 -3.629723 ]
 [ 3.546114  -3.6275263]
 [ 3.4815881 -3.6183186]
 [ 3.4288034 -3.5901024]
 [ 3.510022  -3.6313522]] [1 0 0 0 0 0 0 0]
[[ 3.2071967 -3.4369729]
 [ 3.5569696 -3.629319 ]
 [ 3.095236  -3.3417387]
 [ 3.554081  -3.6279287]
 [ 3.5595837 -3.6269531]
 [ 3.4426343 -3.6009138]
 [ 3.5403972 -3.6349819]
 [-3.2897565  3.4387782]] [0 0 0 0 0 0 0 0]
[[ 3.4014864 -3.574797 ]
 [ 2.3509557 -2.786561 ]
 [ 3.4842863 -3.6215985]
 [ 0.9440455 -1.561729 ]
 [ 3.533262  -3.6340103]
 [-1.7042588  1.7613509]
 [ 3.5408099 -3.6334825]
 [ 1.6437963 -2.2473648]] [0 0 0 0 0 1 0 0]
[[ 3.5545719 -3.628565 ]
 [ 3.5361302 -3.6320128]
 [ 3.49751   -3.6261559]
 [ 3.052009  -3.3175457]
 [ 3.3688061 -3.5519276]
 [ 3.5394094 -3.6350262]
 [ 3.3549855 -3.5411792]
 [-2.091066   2.313661 ]] [0 0 0 0 0 0 0 1]
[[ 2.4059646 -2.833529 ]
 [ 3.3281126 -3.5299087]
 [ 3.5078418 -3.6302032]
 [ 3.4640903 -3.6114874]
 [-1.6222456  1.6767117]
 [ 3.533665  -3.632108 ]
 [ 1.4936553 -2.1418483]
 [ 3.5228517 -3.6300488]] [0 0 0 0 0 0 0 0]
[[ 3.1655836  -3.4065409 ]
 [ 3.5321631  -3.6352098 ]
 [ 3.539682   -3.635233  ]
 [-0.633562    0.15116943]
 [ 3.5538154  -3.6299577 ]
 [ 3.163815   -3.4023468 ]
 [ 3.4283643  -3.589456  ]
 [ 3.5521562  -3.628884  ]] [0 0 0 0 0 0 0 0]
[[ 3.5523317  -3.6302338 ]
 [-1.6053649   1.6560662 ]
 [ 3.4572031  -3.6043127 ]
 [ 2.5843873  -2.9666588 ]
 [ 3.5056725  -3.6324236 ]
 [ 3.3437943  -3.5346189 ]
 [ 3.4993446  -3.6251378 ]
 [ 0.53756964 -1.3497872 ]] [0 1 0 0 0 0 0 0]
[[ 3.480231  -3.6176114]
 [ 3.4501295 -3.6042044]
 [ 3.532089  -3.6343002]
 [ 3.5455089 -3.6355872]
 [ 3.558751  -3.626867 ]
 [ 3.5416641 -3.6330345]
 [ 3.524835  -3.6340537]
 [ 3.540737  -3.6289341]] [0 0 0 0 0 0 0 0]
[[ 3.4258363 -3.5885775]
 [ 3.4662073 -3.6077745]
 [ 3.517544  -3.6310158]
 [ 3.294529  -3.5024598]
 [ 3.5472732 -3.6357622]
 [ 3.2586284 -3.4810765]
 [ 2.7206392 -3.0687737]
 [ 3.5614862 -3.622395 ]] [0 0 0 0 0 0 0 0]
[[ 3.495797  -3.624396 ]
 [ 3.4017632 -3.5790722]
 [ 3.5087981 -3.6256447]
 [ 3.4988594 -3.6244113]
 [-1.4069793  1.3248188]
 [ 3.5504282 -3.634557 ]
 [-1.7212878  1.7935841]
 [ 3.3787076 -3.5564327]] [0 0 0 0 1 0 0 0]
[[ 3.4508488 -3.6027486]
 [ 3.4956808 -3.6247432]
 [ 3.478253  -3.6184087]
 [ 3.4871202 -3.620448 ]
 [ 3.557899  -3.626825 ]
 [ 3.289042  -3.496635 ]
 [ 3.3511398 -3.5421686]
 [ 3.2881565 -3.498493 ]] [0 0 0 0 0 0 0 0]
[[ 3.2099464 -3.438541 ]
 [ 2.1588085 -2.625971 ]
 [ 3.5553677 -3.6288373]
 [ 3.458793  -3.601198 ]
 [-1.5045775  1.4920926]
 [ 3.547891  -3.6318235]
 [ 3.534634  -3.631424 ]
 [ 2.2635846 -2.7152894]] [0 0 0 0 1 0 0 0]
[[ 3.3964992 -3.5684204]
 [ 3.5108507 -3.6297722]
 [ 3.5463393 -3.633042 ]
 [ 3.5094328 -3.6322644]
 [ 3.4551966 -3.6065302]
 [ 3.5334578 -3.6334503]
 [ 3.5360126 -3.6305819]
 [-1.6755965  1.7366976]] [0 0 0 0 0 0 0 1]
[[ 3.5361924  -3.6345868 ]
 [-2.996836    3.3354948 ]
 [-0.5082071  -0.14633282]
 [ 3.5260046  -3.6333535 ]
 [-1.6386076   1.6808367 ]
 [ 3.5135474  -3.6239655 ]
 [ 3.5201538  -3.6260364 ]
 [ 3.454014   -3.6029923 ]] [0 1 0 0 0 0 0 0]
[[ 3.471188  -3.6111298]
 [ 3.477818  -3.6136744]
 [ 3.5304892 -3.6339478]
 [-3.3488214  3.4673994]
 [ 3.4765017 -3.61587  ]
 [ 3.5146449 -3.6334505]
 [ 3.5118475 -3.6306117]
 [ 3.4960754 -3.6274698]] [0 0 0 1 0 0 0 0]
[[ 3.507802  -3.626829 ]
 [ 3.482942  -3.62021  ]
 [ 3.531821  -3.632003 ]
 [ 2.9984555 -3.2793846]
 [ 3.49725   -3.6187139]
 [ 3.5311627 -3.6343358]
 [ 3.552329  -3.633635 ]
 [ 3.5387652 -3.633686 ]] [0 0 0 0 0 0 0 0]
[[ 3.3435981 -3.5343819]
 [ 3.465637  -3.6062493]
 [ 3.5379012 -3.635903 ]
 [ 2.5091045 -2.915517 ]
 [ 3.3727033 -3.5536728]
 [-2.7807527  3.0802302]
 [ 3.558152  -3.6279912]
 [ 3.5473814 -3.6320465]] [0 0 0 0 0 0 0 0]
[[ 3.5618284 -3.626961 ]
 [ 1.5568837 -2.1829376]
 [ 3.5030682 -3.6246192]
 [ 3.4996672 -3.6206403]
 [-1.0489324  0.6107618]
 [ 3.3287163 -3.5243845]
 [-1.9438758  2.1036353]
 [ 1.7473625 -2.3257823]] [0 1 0 0 0 0 1 1]
[[ 3.3725343 -3.5573397]
 [ 2.4924393 -2.9022825]
 [ 2.1477976 -2.6337006]
 [ 3.5148702 -3.628183 ]
 [ 2.6511657 -3.0172296]
 [ 3.4425654 -3.6007583]
 [ 1.7377753 -2.3028731]
 [ 3.4948897 -3.6240396]] [0 0 0 0 0 0 0 0]
[[ 3.4232502 -3.5914726]
 [ 3.4114811 -3.579565 ]
 [ 3.1526198 -3.3944283]
 [-2.1668723  2.3735929]
 [ 3.121254  -3.373973 ]
 [ 3.4303615 -3.587123 ]
 [-1.4770557  1.3085604]
 [ 3.537021  -3.6291268]] [0 0 0 0 0 0 0 0]
[[ 3.534367  -3.635999 ]
 [ 3.5457025 -3.636755 ]
 [ 3.5525296 -3.6280372]
 [ 3.5362244 -3.6338785]
 [ 3.523749  -3.6327183]
 [ 3.464391  -3.608626 ]
 [ 3.4963121 -3.6195657]
 [ 3.5112405 -3.6232984]] [0 0 0 0 0 0 0 0]
[[ 3.5176353 -3.6326995]
 [ 1.0790956 -1.8434783]
 [ 3.5018942 -3.6215897]
 [ 3.5100458 -3.6267827]
 [ 2.9234009 -3.2264023]
 [ 0.8815668 -1.6579595]
 [ 3.4741735 -3.6127048]
 [ 3.3654926 -3.548167 ]] [0 0 0 0 0 0 0 0]
[[ 3.3838854 -3.5608697]
 [ 3.333971  -3.5319486]
 [ 2.847992  -3.167658 ]
 [ 2.6512477 -3.0193121]
 [ 3.3454764 -3.5333552]
 [ 3.550225  -3.6310914]
 [ 1.2725984 -1.9725124]
 [ 3.5356996 -3.6354804]] [0 0 0 0 0 0 0 0]
[[ 3.5328805  -3.6335845 ]
 [ 3.475537   -3.6134157 ]
 [-1.2627047   0.92385656]
 [-1.2059145   0.88042635]
 [ 3.5468853  -3.6298206 ]
 [ 3.5038013  -3.6265123 ]
 [ 2.9903698  -3.2759304 ]
 [ 3.5403252  -3.631399  ]] [0 0 1 0 0 0 1 0]
[[ 3.3729327 -3.5547738]
 [ 3.5644348 -3.616928 ]
 [ 3.438901  -3.6007805]
 [ 3.526144  -3.6368375]
 [ 3.3664951 -3.5503757]
 [ 3.5125802 -3.6268544]
 [ 3.4370513 -3.5975657]
 [ 3.5050008 -3.6243553]] [0 0 0 0 0 0 0 0]
[[ 2.5637398 -2.9519746]
 [-1.9266014  2.0451992]
 [ 3.1415322 -3.3903623]
 [ 3.4798312 -3.6138444]
 [ 3.4122436 -3.5788286]
 [ 3.5482557 -3.6312041]
 [ 3.5291724 -3.630567 ]
 [ 3.5549433 -3.6315935]] [0 0 0 0 0 0 0 0]
[[ 3.525777  -3.6362438]
 [ 3.371202  -3.5525625]
 [ 3.5075266 -3.624992 ]
 [ 1.792776  -2.363249 ]
 [ 3.5523772 -3.6315107]
 [ 3.5110168 -3.6274269]
 [ 3.3449328 -3.5311513]
 [ 3.5542579 -3.6271064]] [0 0 0 1 0 0 0 0]
[[ 3.541553  -3.6326222]
 [ 2.7772496 -3.1045673]
 [ 3.5195673 -3.6368554]
 [ 3.520985  -3.6290197]
 [ 3.5070527 -3.6304646]
 [ 3.5203023 -3.6325626]
 [ 3.4581227 -3.6080277]
 [ 1.6994197 -2.2773607]] [0 0 0 0 0 0 0 0]
[[ 3.5479333 -3.630514 ]
 [-1.044724   0.5693576]
 [ 3.4890628 -3.6185915]
 [ 2.8029015 -3.1286774]
 [ 3.47466   -3.6155224]
 [ 3.3765695 -3.5533946]
 [ 2.8759947 -3.1912467]
 [ 3.5652938 -3.616722 ]] [0 0 0 1 0 0 0 0]
[[ 3.3224123 -3.5214937]
 [-1.4422606  1.3441844]
 [ 3.4075484 -3.5750408]
 [ 3.4493713 -3.5976737]
 [ 3.4769204 -3.6119819]
 [ 3.3887842 -3.569802 ]
 [-2.0425117  2.1714509]
 [ 3.3233716 -3.5244596]] [0 0 0 0 0 0 1 0]
[[ 3.4697266  -3.6096044 ]
 [ 3.5301323  -3.6345975 ]
 [ 3.2431183  -3.4648879 ]
 [ 3.5332675  -3.629724  ]
 [-0.14936292 -0.5830251 ]
 [ 3.448412   -3.6034725 ]
 [ 3.438305   -3.595128  ]
 [ 3.1109293  -3.364362  ]] [0 0 0 0 1 0 0 0]
[[ 3.5187464 -3.6310923]
 [ 3.5135148 -3.6307018]
 [-3.344539   3.4985776]
 [ 2.7643807 -3.0995762]
 [ 3.542412  -3.635463 ]
 [ 3.465638  -3.607283 ]
 [ 3.334612  -3.5302463]
 [ 3.5394363 -3.629192 ]] [0 0 1 0 0 0 0 0]
[[ 3.5459034 -3.6330175]
 [ 3.46552   -3.6088068]
 [ 3.1600037 -3.4045405]
 [ 1.1597975 -1.8732561]
 [ 3.3494344 -3.5397286]
 [ 2.5202894 -2.9076662]
 [ 3.5039127 -3.6233664]
 [ 2.8836136 -3.1936672]] [0 0 0 0 0 0 0 0]
[[ 3.407963  -3.574469 ]
 [ 3.4487934 -3.6031976]
 [ 3.0830605 -3.3443015]
 [ 3.5427763 -3.6318128]
 [ 3.3684409 -3.5515924]] [0 0 0 0 0]
